178,324,0.5
178,474,0.5
178,225,0.5
178,4438,0.5
178,431,0.5
178,1446,0.5
178,731,0.5
178,8414,0.5
178,243,0.5
178,1967,0.5
261,1578,0.5
261,324,0.5
261,474,0.5
261,225,0.5
261,4438,0.5
261,1397,0.5
261,431,0.5
261,1446,0.5
261,731,0.5
261,8414,0.5
560,1578,0.5
560,324,0.5
560,474,0.5
560,225,0.5
560,4438,0.5
560,431,0.5
560,1446,0.5
560,731,0.5
560,8414,0.5
560,243,0.5
323,1578,0.5
323,324,0.5
323,4438,0.5
323,1397,0.5
323,431,0.5
323,1446,0.5
323,731,0.5
323,8414,0.5
323,243,0.5
323,1967,0.5
471,1578,0.5
471,324,0.5
471,474,0.5
471,225,0.5
471,1397,0.5
471,431,0.5
471,1446,0.5
471,731,0.5
471,8414,0.5
471,243,0.5
518,1578,0.5
518,324,0.5
518,474,0.5
518,225,0.5
518,4438,0.5
518,431,0.5
518,1446,0.5
518,731,0.5
518,8414,0.5
518,243,0.5
529,1578,0.5
529,324,0.5
529,474,0.5
529,225,0.5
529,4438,0.5
529,1397,0.5
529,1446,0.5
529,731,0.5
529,8414,0.5
529,243,0.5
14,1578,0.5
14,324,0.5
14,474,0.5
14,225,0.5
14,4438,0.5
14,431,0.5
14,1446,0.5
14,8414,0.5
14,243,0.5
14,1967,0.5
594,1578,0.5
594,324,0.5
594,474,0.5
594,225,0.5
594,4438,0.5
594,1397,0.5
594,431,0.5
594,1446,0.5
594,8414,0.5
594,1967,0.5
563,1578,0.5
563,474,0.5
563,225,0.5
563,4438,0.5
563,1397,0.5
563,1446,0.5
563,731,0.5
563,8414,0.5
563,1967,0.5
563,197,0.5
286,1578,0.5
286,324,0.5
286,474,0.5
286,225,0.5
286,4438,0.5
286,1397,0.5
286,431,0.5
286,1446,0.5
286,731,0.5
286,8414,0.5
196,1578,0.5
196,324,0.5
196,474,0.5
196,225,0.5
196,4438,0.5
196,1397,0.5
196,431,0.5
196,1446,0.5
196,731,0.5
196,8414,0.5
447,1578,0.5
447,324,0.5
447,474,0.5
447,225,0.5
447,4438,0.5
447,1397,0.5
447,431,0.5
447,1446,0.5
447,731,0.5
447,8414,0.5
607,1578,0.5
607,324,0.5
607,474,0.5
607,225,0.5
607,4438,0.5
607,1397,0.5
607,431,0.5
607,1446,0.5
607,731,0.5
607,8414,0.5
32,1578,0.5
32,324,0.5
32,474,0.5
32,225,0.5
32,4438,0.5
32,1397,0.5
32,431,0.5
32,1446,0.5
32,731,0.5
32,8414,0.5
478,1578,0.5
478,324,0.5
478,225,0.5
478,4438,0.5
478,1397,0.5
478,431,0.5
478,1446,0.5
478,731,0.5
478,8414,0.5
478,243,0.5
467,1578,0.5
467,324,0.5
467,474,0.5
467,225,0.5
467,4438,0.5
467,1397,0.5
467,431,0.5
467,1446,0.5
467,8414,0.5
467,1967,0.5
293,1578,0.5
293,324,0.5
293,474,0.5
293,225,0.5
293,4438,0.5
293,1446,0.5
293,8414,0.5
293,1967,0.5
293,197,0.5
293,787,0.5
4,1578,0.5
4,474,0.5
4,4438,0.5
4,1397,0.5
4,431,0.5
4,1446,0.5
4,731,0.5
4,8414,0.5
4,243,0.5
4,1967,0.5
653,1578,0.5
653,225,0.5
653,4438,0.5
653,1397,0.5
653,431,0.5
653,1446,0.5
653,731,0.5
653,8414,0.5
653,243,0.5
653,1967,0.5
429,1578,0.5
429,4438,0.5
429,1397,0.5
429,1446,0.5
429,731,0.5
429,8414,0.5
429,243,0.5
429,1967,0.5
429,787,0.5
429,2655,0.5
480,1578,0.5
480,324,0.5
480,225,0.5
480,4438,0.5
480,1397,0.5
480,431,0.5
480,1446,0.5
480,8414,0.5
480,243,0.5
480,1967,0.5
631,1578,0.5
631,324,0.5
631,474,0.5
631,225,0.5
631,4438,0.5
631,1397,0.5
631,431,0.5
631,1446,0.5
631,731,0.5
631,8414,0.5
425,1578,0.5
425,324,0.5
425,474,0.5
425,4438,0.5
425,1397,0.5
425,431,0.5
425,1446,0.5
425,731,0.5
425,8414,0.5
425,243,0.5
460,1578,0.5
460,225,0.5
460,4438,0.5
460,1397,0.5
460,1446,0.5
460,8414,0.5
460,243,0.5
460,1967,0.5
460,197,0.5
460,2655,0.5
559,1578,0.5
559,474,0.5
559,225,0.5
559,4438,0.5
559,1397,0.5
559,431,0.5
559,1446,0.5
559,731,0.5
559,8414,0.5
559,243,0.5
462,1578,0.5
462,324,0.5
462,225,0.5
462,4438,0.5
462,1397,0.5
462,431,0.5
462,1446,0.5
462,731,0.5
462,8414,0.5
462,243,0.5
474,1578,0.5
474,324,0.5
474,474,0.5
474,225,0.5
474,4438,0.5
474,1397,0.5
474,431,0.5
474,1446,0.5
474,731,0.5
474,8414,0.5
269,1578,0.5
269,324,0.5
269,225,0.5
269,4438,0.5
269,1397,0.5
269,431,0.5
269,1446,0.5
269,731,0.5
269,8414,0.5
269,243,0.5
198,324,0.5
198,225,0.5
198,4438,0.5
198,1397,0.5
198,431,0.5
198,1446,0.5
198,731,0.5
198,8414,0.5
198,243,0.5
198,1967,0.5
69,1578,0.5
69,324,0.5
69,474,0.5
69,225,0.5
69,4438,0.5
69,1397,0.5
69,1446,0.5
69,731,0.5
69,8414,0.5
69,243,0.5
370,324,0.5
370,474,0.5
370,225,0.5
370,4438,0.5
370,1397,0.5
370,431,0.5
370,1446,0.5
370,731,0.5
370,8414,0.5
370,243,0.5
623,1578,0.5
623,324,0.5
623,225,0.5
623,4438,0.5
623,1397,0.5
623,431,0.5
623,731,0.5
623,8414,0.5
623,243,0.5
623,1967,0.5
129,1578,0.5
129,324,0.5
129,4438,0.5
129,1397,0.5
129,1446,0.5
129,8414,0.5
129,243,0.5
129,1967,0.5
129,197,0.5
129,2655,0.5
574,1578,0.5
574,324,0.5
574,474,0.5
574,4438,0.5
574,1397,0.5
574,431,0.5
574,1446,0.5
574,8414,0.5
574,1967,0.5
574,197,0.5
16,1578,0.5
16,324,0.5
16,225,0.5
16,4438,0.5
16,1397,0.5
16,431,0.5
16,1446,0.5
16,731,0.5
16,8414,0.5
16,243,0.5
387,1578,0.5
387,324,0.5
387,4438,0.5
387,1397,0.5
387,431,0.5
387,1446,0.5
387,731,0.5
387,8414,0.5
387,243,0.5
387,1967,0.5
372,1578,0.5
372,324,0.5
372,474,0.5
372,4438,0.5
372,1397,0.5
372,431,0.5
372,1446,0.5
372,731,0.5
372,8414,0.5
372,243,0.5
543,1578,0.5
543,324,0.5
543,225,0.5
543,4438,0.5
543,1397,0.5
543,431,0.5
543,1446,0.5
543,731,0.5
543,8414,0.5
543,243,0.5
100,1578,0.5
100,324,0.5
100,474,0.5
100,225,0.5
100,4438,0.5
100,1397,0.5
100,431,0.5
100,1446,0.5
100,731,0.5
100,8414,0.5
160,1578,0.5
160,324,0.5
160,474,0.5
160,225,0.5
160,4438,0.5
160,1397,0.5
160,431,0.5
160,1446,0.5
160,731,0.5
160,8414,0.5
652,1578,0.5
652,324,0.5
652,474,0.5
652,225,0.5
652,4438,0.5
652,1397,0.5
652,431,0.5
652,1446,0.5
652,731,0.5
652,8414,0.5
546,1578,0.5
546,225,0.5
546,4438,0.5
546,1397,0.5
546,431,0.5
546,1446,0.5
546,8414,0.5
546,1967,0.5
546,197,0.5
546,787,0.5
526,1578,0.5
526,324,0.5
526,474,0.5
526,225,0.5
526,4438,0.5
526,1397,0.5
526,431,0.5
526,1446,0.5
526,731,0.5
526,8414,0.5
262,1578,0.5
262,474,0.5
262,225,0.5
262,4438,0.5
262,1397,0.5
262,431,0.5
262,1446,0.5
262,731,0.5
262,8414,0.5
262,243,0.5
611,1578,0.5
611,324,0.5
611,474,0.5
611,225,0.5
611,4438,0.5
611,1397,0.5
611,431,0.5
611,1446,0.5
611,731,0.5
611,8414,0.5
145,1578,0.5
145,324,0.5
145,474,0.5
145,225,0.5
145,4438,0.5
145,1397,0.5
145,431,0.5
145,1446,0.5
145,731,0.5
145,8414,0.5
624,1578,0.5
624,324,0.5
624,474,0.5
624,225,0.5
624,4438,0.5
624,1397,0.5
624,431,0.5
624,1446,0.5
624,731,0.5
624,8414,0.5
20,1578,0.5
20,324,0.5
20,474,0.5
20,225,0.5
20,4438,0.5
20,1397,0.5
20,431,0.5
20,1446,0.5
20,731,0.5
20,8414,0.5
102,1578,0.5
102,324,0.5
102,225,0.5
102,4438,0.5
102,1397,0.5
102,431,0.5
102,1446,0.5
102,731,0.5
102,8414,0.5
102,243,0.5
60,1578,0.5
60,324,0.5
60,474,0.5
60,225,0.5
60,4438,0.5
60,431,0.5
60,1446,0.5
60,731,0.5
60,8414,0.5
60,243,0.5
579,1578,0.5
579,324,0.5
579,474,0.5
579,225,0.5
579,4438,0.5
579,1397,0.5
579,431,0.5
579,1446,0.5
579,8414,0.5
579,1967,0.5
47,1578,0.5
47,324,0.5
47,225,0.5
47,4438,0.5
47,1397,0.5
47,431,0.5
47,1446,0.5
47,731,0.5
47,8414,0.5
47,243,0.5
101,1578,0.5
101,324,0.5
101,474,0.5
101,4438,0.5
101,1397,0.5
101,1446,0.5
101,731,0.5
101,8414,0.5
101,1967,0.5
101,197,0.5
451,1578,0.5
451,324,0.5
451,4438,0.5
451,1397,0.5
451,431,0.5
451,1446,0.5
451,731,0.5
451,8414,0.5
451,243,0.5
451,1967,0.5
532,1578,0.5
532,324,0.5
532,474,0.5
532,4438,0.5
532,1397,0.5
532,431,0.5
532,1446,0.5
532,731,0.5
532,8414,0.5
532,243,0.5
573,1578,0.5
573,324,0.5
573,225,0.5
573,4438,0.5
573,1397,0.5
573,431,0.5
573,1446,0.5
573,731,0.5
573,8414,0.5
573,243,0.5
383,1578,0.5
383,324,0.5
383,225,0.5
383,4438,0.5
383,431,0.5
383,1446,0.5
383,731,0.5
383,8414,0.5
383,243,0.5
383,1967,0.5
605,1578,0.5
605,324,0.5
605,474,0.5
605,225,0.5
605,4438,0.5
605,1397,0.5
605,431,0.5
605,1446,0.5
605,731,0.5
605,8414,0.5
581,1578,0.5
581,324,0.5
581,474,0.5
581,225,0.5
581,4438,0.5
581,1397,0.5
581,431,0.5
581,1446,0.5
581,8414,0.5
581,1967,0.5
159,1578,0.5
159,324,0.5
159,474,0.5
159,4438,0.5
159,1397,0.5
159,431,0.5
159,1446,0.5
159,731,0.5
159,8414,0.5
159,243,0.5
22,1578,0.5
22,324,0.5
22,474,0.5
22,4438,0.5
22,1397,0.5
22,1446,0.5
22,8414,0.5
22,243,0.5
22,1967,0.5
22,2655,0.5
132,1578,0.5
132,324,0.5
132,474,0.5
132,225,0.5
132,4438,0.5
132,1397,0.5
132,431,0.5
132,1446,0.5
132,731,0.5
132,8414,0.5
385,1578,0.5
385,324,0.5
385,474,0.5
385,225,0.5
385,4438,0.5
385,1397,0.5
385,431,0.5
385,1446,0.5
385,731,0.5
385,8414,0.5
615,1578,0.5
615,324,0.5
615,474,0.5
615,225,0.5
615,4438,0.5
615,1397,0.5
615,431,0.5
615,1446,0.5
615,731,0.5
615,8414,0.5
11,1578,0.5
11,324,0.5
11,474,0.5
11,225,0.5
11,4438,0.5
11,1397,0.5
11,431,0.5
11,1446,0.5
11,731,0.5
11,8414,0.5
499,1578,0.5
499,324,0.5
499,474,0.5
499,225,0.5
499,4438,0.5
499,1397,0.5
499,431,0.5
499,1446,0.5
499,731,0.5
499,8414,0.5
62,1578,0.5
62,324,0.5
62,474,0.5
62,4438,0.5
62,1397,0.5
62,431,0.5
62,1446,0.5
62,731,0.5
62,8414,0.5
62,243,0.5
604,1578,0.5
604,324,0.5
604,474,0.5
604,225,0.5
604,4438,0.5
604,1397,0.5
604,1446,0.5
604,731,0.5
604,8414,0.5
604,243,0.5
119,1578,0.5
119,324,0.5
119,4438,0.5
119,1397,0.5
119,431,0.5
119,1446,0.5
119,731,0.5
119,8414,0.5
119,243,0.5
119,1967,0.5
213,1578,0.5
213,324,0.5
213,474,0.5
213,4438,0.5
213,1397,0.5
213,431,0.5
213,1446,0.5
213,731,0.5
213,8414,0.5
213,243,0.5
219,1578,0.5
219,324,0.5
219,474,0.5
219,4438,0.5
219,1397,0.5
219,431,0.5
219,1446,0.5
219,731,0.5
219,8414,0.5
219,243,0.5
379,1578,0.5
379,324,0.5
379,4438,0.5
379,431,0.5
379,1446,0.5
379,731,0.5
379,8414,0.5
379,243,0.5
379,1967,0.5
379,197,0.5
407,1578,0.5
407,324,0.5
407,474,0.5
407,225,0.5
407,4438,0.5
407,1397,0.5
407,431,0.5
407,1446,0.5
407,731,0.5
407,8414,0.5
255,1578,0.5
255,324,0.5
255,474,0.5
255,225,0.5
255,4438,0.5
255,1397,0.5
255,431,0.5
255,1446,0.5
255,731,0.5
255,8414,0.5
456,1578,0.5
456,324,0.5
456,474,0.5
456,225,0.5
456,4438,0.5
456,1397,0.5
456,431,0.5
456,1446,0.5
456,731,0.5
456,8414,0.5
194,1578,0.5
194,324,0.5
194,474,0.5
194,4438,0.5
194,1397,0.5
194,431,0.5
194,1446,0.5
194,731,0.5
194,8414,0.5
194,243,0.5
508,1578,0.5
508,324,0.5
508,4438,0.5
508,1397,0.5
508,1446,0.5
508,731,0.5
508,8414,0.5
508,243,0.5
508,1967,0.5
508,197,0.5
3,1578,0.5
3,324,0.5
3,474,0.5
3,4438,0.5
3,1397,0.5
3,431,0.5
3,1446,0.5
3,731,0.5
3,8414,0.5
3,1967,0.5
82,1578,0.5
82,324,0.5
82,474,0.5
82,4438,0.5
82,1397,0.5
82,431,0.5
82,1446,0.5
82,731,0.5
82,8414,0.5
82,243,0.5
406,1578,0.5
406,324,0.5
406,225,0.5
406,4438,0.5
406,1397,0.5
406,1446,0.5
406,731,0.5
406,8414,0.5
406,243,0.5
406,1967,0.5
192,1578,0.5
192,324,0.5
192,474,0.5
192,225,0.5
192,4438,0.5
192,1397,0.5
192,431,0.5
192,1446,0.5
192,731,0.5
192,8414,0.5
493,1578,0.5
493,324,0.5
493,474,0.5
493,225,0.5
493,4438,0.5
493,1397,0.5
493,431,0.5
493,1446,0.5
493,731,0.5
493,8414,0.5
597,1578,0.5
597,324,0.5
597,474,0.5
597,4438,0.5
597,1397,0.5
597,431,0.5
597,1446,0.5
597,731,0.5
597,8414,0.5
597,1967,0.5
452,1578,0.5
452,324,0.5
452,474,0.5
452,225,0.5
452,4438,0.5
452,1397,0.5
452,431,0.5
452,1446,0.5
452,731,0.5
452,8414,0.5
517,1578,0.5
517,474,0.5
517,225,0.5
517,4438,0.5
517,1397,0.5
517,431,0.5
517,1446,0.5
517,8414,0.5
517,243,0.5
517,1967,0.5
97,1578,0.5
97,474,0.5
97,225,0.5
97,4438,0.5
97,1397,0.5
97,431,0.5
97,1446,0.5
97,731,0.5
97,8414,0.5
97,243,0.5
554,1578,0.5
554,324,0.5
554,474,0.5
554,225,0.5
554,4438,0.5
554,1397,0.5
554,431,0.5
554,1446,0.5
554,731,0.5
554,8414,0.5
638,1578,0.5
638,324,0.5
638,474,0.5
638,225,0.5
638,4438,0.5
638,1397,0.5
638,431,0.5
638,1446,0.5
638,731,0.5
638,8414,0.5
381,1578,0.5
381,324,0.5
381,474,0.5
381,225,0.5
381,4438,0.5
381,1397,0.5
381,431,0.5
381,1446,0.5
381,8414,0.5
381,1967,0.5
38,1578,0.5
38,324,0.5
38,474,0.5
38,225,0.5
38,4438,0.5
38,1397,0.5
38,431,0.5
38,1446,0.5
38,731,0.5
38,8414,0.5
133,1578,0.5
133,324,0.5
133,474,0.5
133,4438,0.5
133,1397,0.5
133,431,0.5
133,1446,0.5
133,731,0.5
133,8414,0.5
133,243,0.5
164,1578,0.5
164,324,0.5
164,225,0.5
164,4438,0.5
164,1397,0.5
164,431,0.5
164,1446,0.5
164,731,0.5
164,8414,0.5
164,243,0.5
246,1578,0.5
246,324,0.5
246,474,0.5
246,225,0.5
246,4438,0.5
246,1397,0.5
246,431,0.5
246,1446,0.5
246,731,0.5
246,8414,0.5
298,1578,0.5
298,324,0.5
298,474,0.5
298,225,0.5
298,4438,0.5
298,1397,0.5
298,431,0.5
298,1446,0.5
298,731,0.5
298,8414,0.5
55,1578,0.5
55,324,0.5
55,225,0.5
55,4438,0.5
55,1397,0.5
55,431,0.5
55,1446,0.5
55,731,0.5
55,8414,0.5
55,243,0.5
241,1578,0.5
241,474,0.5
241,4438,0.5
241,1397,0.5
241,431,0.5
241,1446,0.5
241,8414,0.5
241,243,0.5
241,1967,0.5
241,2655,0.5
25,1578,0.5
25,324,0.5
25,225,0.5
25,4438,0.5
25,1397,0.5
25,431,0.5
25,1446,0.5
25,731,0.5
25,8414,0.5
25,243,0.5
459,1578,0.5
459,324,0.5
459,474,0.5
459,225,0.5
459,4438,0.5
459,1397,0.5
459,1446,0.5
459,8414,0.5
459,243,0.5
459,1967,0.5
587,1578,0.5
587,324,0.5
587,474,0.5
587,225,0.5
587,4438,0.5
587,1397,0.5
587,431,0.5
587,1446,0.5
587,731,0.5
587,8414,0.5
65,1578,0.5
65,324,0.5
65,474,0.5
65,225,0.5
65,4438,0.5
65,1397,0.5
65,431,0.5
65,1446,0.5
65,731,0.5
65,8414,0.5
294,1578,0.5
294,474,0.5
294,4438,0.5
294,1397,0.5
294,431,0.5
294,1446,0.5
294,731,0.5
294,8414,0.5
294,243,0.5
294,1967,0.5
524,1578,0.5
524,324,0.5
524,474,0.5
524,225,0.5
524,4438,0.5
524,1397,0.5
524,431,0.5
524,1446,0.5
524,731,0.5
524,8414,0.5
666,1578,0.5
666,324,0.5
666,474,0.5
666,225,0.5
666,4438,0.5
666,1397,0.5
666,1446,0.5
666,731,0.5
666,8414,0.5
666,243,0.5
186,1578,0.5
186,474,0.5
186,225,0.5
186,4438,0.5
186,431,0.5
186,1446,0.5
186,731,0.5
186,8414,0.5
186,243,0.5
186,1967,0.5
354,1578,0.5
354,324,0.5
354,4438,0.5
354,1397,0.5
354,431,0.5
354,1446,0.5
354,731,0.5
354,8414,0.5
354,243,0.5
354,1967,0.5
238,1578,0.5
238,324,0.5
238,474,0.5
238,225,0.5
238,4438,0.5
238,1397,0.5
238,431,0.5
238,1446,0.5
238,731,0.5
238,8414,0.5
352,1578,0.5
352,324,0.5
352,474,0.5
352,225,0.5
352,4438,0.5
352,1397,0.5
352,431,0.5
352,1446,0.5
352,731,0.5
352,8414,0.5
504,1578,0.5
504,474,0.5
504,225,0.5
504,4438,0.5
504,1397,0.5
504,431,0.5
504,1446,0.5
504,8414,0.5
504,243,0.5
504,1967,0.5
591,1578,0.5
591,324,0.5
591,474,0.5
591,225,0.5
591,4438,0.5
591,1397,0.5
591,431,0.5
591,1446,0.5
591,731,0.5
591,8414,0.5
485,1578,0.5
485,324,0.5
485,474,0.5
485,225,0.5
485,4438,0.5
485,1397,0.5
485,431,0.5
485,1446,0.5
485,731,0.5
485,8414,0.5
351,1578,0.5
351,324,0.5
351,474,0.5
351,225,0.5
351,4438,0.5
351,1397,0.5
351,431,0.5
351,1446,0.5
351,731,0.5
351,8414,0.5
357,1578,0.5
357,474,0.5
357,225,0.5
357,4438,0.5
357,1397,0.5
357,431,0.5
357,1446,0.5
357,731,0.5
357,8414,0.5
357,1967,0.5
344,1578,0.5
344,324,0.5
344,225,0.5
344,4438,0.5
344,1397,0.5
344,431,0.5
344,1446,0.5
344,731,0.5
344,8414,0.5
344,243,0.5
422,1578,0.5
422,324,0.5
422,225,0.5
422,4438,0.5
422,1397,0.5
422,1446,0.5
422,731,0.5
422,8414,0.5
422,243,0.5
422,1967,0.5
18,1578,0.5
18,324,0.5
18,474,0.5
18,225,0.5
18,4438,0.5
18,1397,0.5
18,431,0.5
18,1446,0.5
18,731,0.5
18,8414,0.5
87,1578,0.5
87,324,0.5
87,474,0.5
87,4438,0.5
87,1397,0.5
87,431,0.5
87,1446,0.5
87,731,0.5
87,8414,0.5
87,243,0.5
427,1578,0.5
427,324,0.5
427,225,0.5
427,4438,0.5
427,1397,0.5
427,431,0.5
427,1446,0.5
427,731,0.5
427,8414,0.5
427,243,0.5
85,1578,0.5
85,324,0.5
85,474,0.5
85,225,0.5
85,4438,0.5
85,1397,0.5
85,431,0.5
85,1446,0.5
85,731,0.5
85,8414,0.5
305,1578,0.5
305,474,0.5
305,4438,0.5
305,1397,0.5
305,431,0.5
305,1446,0.5
305,8414,0.5
305,243,0.5
305,1967,0.5
305,787,0.5
479,1578,0.5
479,324,0.5
479,225,0.5
479,4438,0.5
479,1397,0.5
479,431,0.5
479,1446,0.5
479,731,0.5
479,8414,0.5
479,243,0.5
212,1578,0.5
212,324,0.5
212,474,0.5
212,225,0.5
212,4438,0.5
212,1397,0.5
212,431,0.5
212,1446,0.5
212,731,0.5
212,8414,0.5
648,1578,0.5
648,474,0.5
648,225,0.5
648,4438,0.5
648,1397,0.5
648,431,0.5
648,1446,0.5
648,731,0.5
648,8414,0.5
648,243,0.5
95,1578,0.5
95,324,0.5
95,225,0.5
95,4438,0.5
95,1397,0.5
95,431,0.5
95,1446,0.5
95,731,0.5
95,8414,0.5
95,243,0.5
76,1578,0.5
76,324,0.5
76,474,0.5
76,225,0.5
76,4438,0.5
76,1397,0.5
76,431,0.5
76,1446,0.5
76,731,0.5
76,8414,0.5
74,1578,0.5
74,324,0.5
74,225,0.5
74,4438,0.5
74,1397,0.5
74,431,0.5
74,1446,0.5
74,731,0.5
74,8414,0.5
74,243,0.5
72,324,0.5
72,474,0.5
72,4438,0.5
72,1397,0.5
72,1446,0.5
72,731,0.5
72,8414,0.5
72,243,0.5
72,1967,0.5
72,787,0.5
511,1578,0.5
511,324,0.5
511,474,0.5
511,225,0.5
511,4438,0.5
511,1397,0.5
511,431,0.5
511,1446,0.5
511,731,0.5
511,8414,0.5
663,1578,0.5
663,324,0.5
663,474,0.5
663,225,0.5
663,4438,0.5
663,1397,0.5
663,431,0.5
663,1446,0.5
663,731,0.5
663,8414,0.5
217,1578,0.5
217,324,0.5
217,225,0.5
217,4438,0.5
217,1397,0.5
217,431,0.5
217,1446,0.5
217,731,0.5
217,8414,0.5
217,243,0.5
401,1578,0.5
401,324,0.5
401,474,0.5
401,225,0.5
401,4438,0.5
401,1397,0.5
401,431,0.5
401,1446,0.5
401,731,0.5
401,8414,0.5
394,1578,0.5
394,324,0.5
394,474,0.5
394,225,0.5
394,4438,0.5
394,1397,0.5
394,431,0.5
394,1446,0.5
394,731,0.5
394,8414,0.5
421,1578,0.5
421,324,0.5
421,474,0.5
421,225,0.5
421,4438,0.5
421,1397,0.5
421,1446,0.5
421,731,0.5
421,8414,0.5
421,243,0.5
77,1578,0.5
77,324,0.5
77,225,0.5
77,4438,0.5
77,1397,0.5
77,431,0.5
77,1446,0.5
77,731,0.5
77,8414,0.5
77,243,0.5
528,1578,0.5
528,324,0.5
528,474,0.5
528,225,0.5
528,4438,0.5
528,1397,0.5
528,431,0.5
528,1446,0.5
528,8414,0.5
528,1967,0.5
245,1578,0.5
245,324,0.5
245,474,0.5
245,225,0.5
245,4438,0.5
245,1397,0.5
245,431,0.5
245,1446,0.5
245,731,0.5
245,8414,0.5
515,1578,0.5
515,474,0.5
515,225,0.5
515,4438,0.5
515,1397,0.5
515,431,0.5
515,1446,0.5
515,731,0.5
515,8414,0.5
515,243,0.5
519,1578,0.5
519,324,0.5
519,474,0.5
519,4438,0.5
519,1397,0.5
519,431,0.5
519,1446,0.5
519,731,0.5
519,8414,0.5
519,243,0.5
188,1578,0.5
188,324,0.5
188,474,0.5
188,225,0.5
188,4438,0.5
188,1397,0.5
188,431,0.5
188,1446,0.5
188,731,0.5
188,8414,0.5
521,1578,0.5
521,324,0.5
521,474,0.5
521,4438,0.5
521,1397,0.5
521,431,0.5
521,1446,0.5
521,731,0.5
521,8414,0.5
521,243,0.5
360,1578,0.5
360,324,0.5
360,474,0.5
360,225,0.5
360,4438,0.5
360,1397,0.5
360,431,0.5
360,1446,0.5
360,731,0.5
360,8414,0.5
96,1578,0.5
96,324,0.5
96,474,0.5
96,225,0.5
96,4438,0.5
96,1397,0.5
96,431,0.5
96,1446,0.5
96,8414,0.5
96,243,0.5
33,1578,0.5
33,324,0.5
33,474,0.5
33,225,0.5
33,4438,0.5
33,1397,0.5
33,431,0.5
33,1446,0.5
33,731,0.5
33,8414,0.5
206,1578,0.5
206,324,0.5
206,474,0.5
206,225,0.5
206,4438,0.5
206,1397,0.5
206,431,0.5
206,731,0.5
206,8414,0.5
206,243,0.5
337,1578,0.5
337,324,0.5
337,474,0.5
337,225,0.5
337,4438,0.5
337,1397,0.5
337,431,0.5
337,1446,0.5
337,731,0.5
337,8414,0.5
147,1578,0.5
147,324,0.5
147,225,0.5
147,4438,0.5
147,1397,0.5
147,431,0.5
147,1446,0.5
147,731,0.5
147,8414,0.5
147,243,0.5
104,1578,0.5
104,4438,0.5
104,1397,0.5
104,431,0.5
104,1446,0.5
104,731,0.5
104,8414,0.5
104,243,0.5
104,1967,0.5
104,197,0.5
311,1578,0.5
311,474,0.5
311,225,0.5
311,4438,0.5
311,1397,0.5
311,431,0.5
311,1446,0.5
311,731,0.5
311,8414,0.5
311,243,0.5
29,1578,0.5
29,474,0.5
29,4438,0.5
29,1397,0.5
29,431,0.5
29,1446,0.5
29,731,0.5
29,8414,0.5
29,243,0.5
29,1967,0.5
596,1578,0.5
596,324,0.5
596,474,0.5
596,225,0.5
596,4438,0.5
596,1397,0.5
596,431,0.5
596,1446,0.5
596,8414,0.5
596,1967,0.5
296,1578,0.5
296,324,0.5
296,474,0.5
296,225,0.5
296,4438,0.5
296,1397,0.5
296,431,0.5
296,1446,0.5
296,731,0.5
296,8414,0.5
35,1578,0.5
35,324,0.5
35,474,0.5
35,225,0.5
35,4438,0.5
35,1397,0.5
35,431,0.5
35,1446,0.5
35,731,0.5
35,8414,0.5
380,1578,0.5
380,324,0.5
380,474,0.5
380,4438,0.5
380,1397,0.5
380,431,0.5
380,1446,0.5
380,731,0.5
380,8414,0.5
380,243,0.5
235,1578,0.5
235,324,0.5
235,474,0.5
235,225,0.5
235,4438,0.5
235,1397,0.5
235,431,0.5
235,1446,0.5
235,8414,0.5
235,243,0.5
42,1578,0.5
42,324,0.5
42,474,0.5
42,225,0.5
42,4438,0.5
42,1397,0.5
42,431,0.5
42,1446,0.5
42,731,0.5
42,8414,0.5
595,1578,0.5
595,474,0.5
595,225,0.5
595,4438,0.5
595,1397,0.5
595,431,0.5
595,1446,0.5
595,731,0.5
595,8414,0.5
595,243,0.5
345,1578,0.5
345,324,0.5
345,474,0.5
345,225,0.5
345,4438,0.5
345,1397,0.5
345,431,0.5
345,1446,0.5
345,731,0.5
345,8414,0.5
463,1578,0.5
463,324,0.5
463,474,0.5
463,225,0.5
463,4438,0.5
463,1397,0.5
463,431,0.5
463,1446,0.5
463,731,0.5
463,8414,0.5
395,1578,0.5
395,324,0.5
395,474,0.5
395,225,0.5
395,4438,0.5
395,1397,0.5
395,431,0.5
395,1446,0.5
395,731,0.5
395,8414,0.5
433,1578,0.5
433,324,0.5
433,474,0.5
433,225,0.5
433,4438,0.5
433,1397,0.5
433,431,0.5
433,1446,0.5
433,731,0.5
433,8414,0.5
369,1578,0.5
369,324,0.5
369,225,0.5
369,4438,0.5
369,1397,0.5
369,431,0.5
369,1446,0.5
369,731,0.5
369,8414,0.5
369,243,0.5
211,474,0.5
211,4438,0.5
211,1397,0.5
211,431,0.5
211,1446,0.5
211,731,0.5
211,8414,0.5
211,243,0.5
211,1967,0.5
211,197,0.5
557,1578,0.5
557,324,0.5
557,474,0.5
557,225,0.5
557,4438,0.5
557,1397,0.5
557,431,0.5
557,1446,0.5
557,731,0.5
557,8414,0.5
84,1578,0.5
84,474,0.5
84,225,0.5
84,4438,0.5
84,1397,0.5
84,431,0.5
84,1446,0.5
84,731,0.5
84,8414,0.5
84,243,0.5
12,1578,0.5
12,324,0.5
12,474,0.5
12,4438,0.5
12,1397,0.5
12,431,0.5
12,1446,0.5
12,731,0.5
12,8414,0.5
12,243,0.5
513,1578,0.5
513,324,0.5
513,474,0.5
513,225,0.5
513,4438,0.5
513,1397,0.5
513,1446,0.5
513,731,0.5
513,8414,0.5
513,243,0.5
247,1578,0.5
247,324,0.5
247,474,0.5
247,225,0.5
247,4438,0.5
247,1397,0.5
247,431,0.5
247,1446,0.5
247,731,0.5
247,8414,0.5
584,1578,0.5
584,324,0.5
584,474,0.5
584,225,0.5
584,4438,0.5
584,1397,0.5
584,1446,0.5
584,731,0.5
584,8414,0.5
584,243,0.5
308,1578,0.5
308,324,0.5
308,225,0.5
308,4438,0.5
308,1397,0.5
308,1446,0.5
308,731,0.5
308,8414,0.5
308,243,0.5
308,1967,0.5
404,1578,0.5
404,324,0.5
404,474,0.5
404,225,0.5
404,1397,0.5
404,431,0.5
404,1446,0.5
404,731,0.5
404,8414,0.5
404,1967,0.5
231,1578,0.5
231,324,0.5
231,474,0.5
231,225,0.5
231,4438,0.5
231,1397,0.5
231,431,0.5
231,1446,0.5
231,731,0.5
231,8414,0.5
614,1578,0.5
614,324,0.5
614,225,0.5
614,4438,0.5
614,1397,0.5
614,431,0.5
614,1446,0.5
614,731,0.5
614,8414,0.5
614,243,0.5
617,1578,0.5
617,324,0.5
617,474,0.5
617,225,0.5
617,4438,0.5
617,1397,0.5
617,431,0.5
617,1446,0.5
617,731,0.5
617,8414,0.5
281,1578,0.5
281,324,0.5
281,474,0.5
281,4438,0.5
281,1397,0.5
281,431,0.5
281,1446,0.5
281,731,0.5
281,8414,0.5
281,243,0.5
568,1578,0.5
568,324,0.5
568,474,0.5
568,225,0.5
568,4438,0.5
568,1397,0.5
568,431,0.5
568,1446,0.5
568,8414,0.5
568,243,0.5
438,1578,0.5
438,324,0.5
438,474,0.5
438,225,0.5
438,4438,0.5
438,1397,0.5
438,431,0.5
438,1446,0.5
438,731,0.5
438,8414,0.5
151,1578,0.5
151,324,0.5
151,4438,0.5
151,1397,0.5
151,431,0.5
151,1446,0.5
151,731,0.5
151,8414,0.5
151,243,0.5
151,1967,0.5
148,1578,0.5
148,324,0.5
148,225,0.5
148,4438,0.5
148,1397,0.5
148,431,0.5
148,1446,0.5
148,731,0.5
148,8414,0.5
148,243,0.5
210,1578,0.5
210,324,0.5
210,474,0.5
210,225,0.5
210,4438,0.5
210,1397,0.5
210,431,0.5
210,1446,0.5
210,731,0.5
210,8414,0.5
332,1578,0.5
332,324,0.5
332,474,0.5
332,225,0.5
332,4438,0.5
332,1397,0.5
332,431,0.5
332,1446,0.5
332,731,0.5
332,8414,0.5
540,1578,0.5
540,324,0.5
540,474,0.5
540,225,0.5
540,4438,0.5
540,1397,0.5
540,431,0.5
540,1446,0.5
540,731,0.5
540,8414,0.5
156,1578,0.5
156,324,0.5
156,225,0.5
156,4438,0.5
156,1397,0.5
156,431,0.5
156,1446,0.5
156,731,0.5
156,8414,0.5
156,243,0.5
291,1578,0.5
291,474,0.5
291,4438,0.5
291,1397,0.5
291,431,0.5
291,1446,0.5
291,731,0.5
291,8414,0.5
291,243,0.5
291,1967,0.5
496,1578,0.5
496,324,0.5
496,474,0.5
496,4438,0.5
496,1397,0.5
496,431,0.5
496,1446,0.5
496,731,0.5
496,8414,0.5
496,243,0.5
549,1578,0.5
549,324,0.5
549,474,0.5
549,225,0.5
549,4438,0.5
549,1397,0.5
549,431,0.5
549,1446,0.5
549,731,0.5
549,8414,0.5
126,1578,0.5
126,474,0.5
126,225,0.5
126,4438,0.5
126,1397,0.5
126,431,0.5
126,1446,0.5
126,731,0.5
126,8414,0.5
126,243,0.5
56,1578,0.5
56,324,0.5
56,474,0.5
56,4438,0.5
56,1397,0.5
56,431,0.5
56,1446,0.5
56,731,0.5
56,8414,0.5
56,243,0.5
127,1578,0.5
127,474,0.5
127,225,0.5
127,4438,0.5
127,1397,0.5
127,431,0.5
127,1446,0.5
127,731,0.5
127,8414,0.5
127,1967,0.5
138,1578,0.5
138,324,0.5
138,225,0.5
138,4438,0.5
138,1397,0.5
138,431,0.5
138,1446,0.5
138,731,0.5
138,8414,0.5
138,243,0.5
225,1578,0.5
225,324,0.5
225,474,0.5
225,225,0.5
225,4438,0.5
225,1397,0.5
225,431,0.5
225,1446,0.5
225,731,0.5
225,8414,0.5
636,1578,0.5
636,324,0.5
636,474,0.5
636,225,0.5
636,4438,0.5
636,1397,0.5
636,431,0.5
636,1446,0.5
636,731,0.5
636,8414,0.5
601,1578,0.5
601,324,0.5
601,474,0.5
601,225,0.5
601,4438,0.5
601,1397,0.5
601,431,0.5
601,1446,0.5
601,731,0.5
601,8414,0.5
6,1578,0.5
6,324,0.5
6,474,0.5
6,225,0.5
6,4438,0.5
6,1397,0.5
6,431,0.5
6,1446,0.5
6,731,0.5
6,8414,0.5
340,1578,0.5
340,324,0.5
340,474,0.5
340,225,0.5
340,4438,0.5
340,1397,0.5
340,431,0.5
340,1446,0.5
340,731,0.5
340,8414,0.5
430,1578,0.5
430,324,0.5
430,474,0.5
430,4438,0.5
430,1397,0.5
430,431,0.5
430,1446,0.5
430,8414,0.5
430,243,0.5
430,1967,0.5
500,1578,0.5
500,324,0.5
500,474,0.5
500,225,0.5
500,4438,0.5
500,1397,0.5
500,1446,0.5
500,731,0.5
500,8414,0.5
500,243,0.5
655,1578,0.5
655,324,0.5
655,474,0.5
655,225,0.5
655,4438,0.5
655,1397,0.5
655,431,0.5
655,1446,0.5
655,731,0.5
655,8414,0.5
21,1578,0.5
21,324,0.5
21,225,0.5
21,4438,0.5
21,1397,0.5
21,431,0.5
21,1446,0.5
21,731,0.5
21,8414,0.5
21,243,0.5
118,1578,0.5
118,474,0.5
118,4438,0.5
118,1397,0.5
118,431,0.5
118,1446,0.5
118,731,0.5
118,8414,0.5
118,243,0.5
118,1967,0.5
400,1578,0.5
400,324,0.5
400,474,0.5
400,225,0.5
400,4438,0.5
400,1397,0.5
400,431,0.5
400,1446,0.5
400,731,0.5
400,8414,0.5
256,1578,0.5
256,324,0.5
256,474,0.5
256,225,0.5
256,4438,0.5
256,1397,0.5
256,431,0.5
256,1446,0.5
256,731,0.5
256,8414,0.5
536,1578,0.5
536,324,0.5
536,474,0.5
536,225,0.5
536,4438,0.5
536,1397,0.5
536,1446,0.5
536,8414,0.5
536,243,0.5
536,1967,0.5
176,1578,0.5
176,324,0.5
176,474,0.5
176,225,0.5
176,4438,0.5
176,1397,0.5
176,431,0.5
176,1446,0.5
176,731,0.5
176,8414,0.5
516,1578,0.5
516,324,0.5
516,474,0.5
516,225,0.5
516,4438,0.5
516,1397,0.5
516,431,0.5
516,1446,0.5
516,731,0.5
516,8414,0.5
589,1578,0.5
589,324,0.5
589,474,0.5
589,225,0.5
589,4438,0.5
589,1397,0.5
589,431,0.5
589,1446,0.5
589,731,0.5
589,8414,0.5
264,1578,0.5
264,324,0.5
264,474,0.5
264,225,0.5
264,4438,0.5
264,1397,0.5
264,431,0.5
264,1446,0.5
264,8414,0.5
264,243,0.5
216,1578,0.5
216,324,0.5
216,474,0.5
216,225,0.5
216,4438,0.5
216,1397,0.5
216,431,0.5
216,1446,0.5
216,731,0.5
216,8414,0.5
240,1578,0.5
240,324,0.5
240,474,0.5
240,225,0.5
240,4438,0.5
240,1397,0.5
240,431,0.5
240,1446,0.5
240,731,0.5
240,8414,0.5
181,1578,0.5
181,324,0.5
181,474,0.5
181,225,0.5
181,4438,0.5
181,1397,0.5
181,431,0.5
181,1446,0.5
181,731,0.5
181,8414,0.5
184,1578,0.5
184,324,0.5
184,474,0.5
184,225,0.5
184,4438,0.5
184,1397,0.5
184,1446,0.5
184,731,0.5
184,8414,0.5
184,243,0.5
250,1578,0.5
250,324,0.5
250,474,0.5
250,4438,0.5
250,1397,0.5
250,431,0.5
250,1446,0.5
250,731,0.5
250,8414,0.5
250,243,0.5
470,1578,0.5
470,474,0.5
470,225,0.5
470,4438,0.5
470,1397,0.5
470,431,0.5
470,1446,0.5
470,731,0.5
470,8414,0.5
470,243,0.5
533,1578,0.5
533,324,0.5
533,474,0.5
533,225,0.5
533,4438,0.5
533,1397,0.5
533,431,0.5
533,1446,0.5
533,731,0.5
533,8414,0.5
665,1578,0.5
665,324,0.5
665,474,0.5
665,225,0.5
665,4438,0.5
665,1397,0.5
665,431,0.5
665,1446,0.5
665,731,0.5
665,8414,0.5
386,1578,0.5
386,324,0.5
386,474,0.5
386,225,0.5
386,4438,0.5
386,1397,0.5
386,431,0.5
386,1446,0.5
386,731,0.5
386,8414,0.5
440,1578,0.5
440,324,0.5
440,474,0.5
440,225,0.5
440,4438,0.5
440,1397,0.5
440,431,0.5
440,1446,0.5
440,731,0.5
440,8414,0.5
583,1578,0.5
583,324,0.5
583,225,0.5
583,4438,0.5
583,1397,0.5
583,431,0.5
583,1446,0.5
583,731,0.5
583,8414,0.5
583,243,0.5
531,1578,0.5
531,324,0.5
531,474,0.5
531,225,0.5
531,4438,0.5
531,1397,0.5
531,431,0.5
531,1446,0.5
531,731,0.5
531,8414,0.5
237,1578,0.5
237,324,0.5
237,474,0.5
237,225,0.5
237,4438,0.5
237,1397,0.5
237,431,0.5
237,1446,0.5
237,731,0.5
237,8414,0.5
598,1578,0.5
598,324,0.5
598,474,0.5
598,225,0.5
598,4438,0.5
598,431,0.5
598,1446,0.5
598,731,0.5
598,8414,0.5
598,243,0.5
602,1578,0.5
602,324,0.5
602,474,0.5
602,225,0.5
602,4438,0.5
602,1397,0.5
602,431,0.5
602,1446,0.5
602,731,0.5
602,8414,0.5
586,1578,0.5
586,324,0.5
586,225,0.5
586,4438,0.5
586,1397,0.5
586,431,0.5
586,1446,0.5
586,8414,0.5
586,243,0.5
586,1967,0.5
377,1578,0.5
377,324,0.5
377,225,0.5
377,4438,0.5
377,1397,0.5
377,431,0.5
377,1446,0.5
377,731,0.5
377,8414,0.5
377,243,0.5
48,1578,0.5
48,324,0.5
48,474,0.5
48,225,0.5
48,4438,0.5
48,1397,0.5
48,431,0.5
48,1446,0.5
48,731,0.5
48,8414,0.5
267,1578,0.5
267,324,0.5
267,4438,0.5
267,1397,0.5
267,431,0.5
267,1446,0.5
267,731,0.5
267,8414,0.5
267,1967,0.5
267,2655,0.5
457,1578,0.5
457,474,0.5
457,4438,0.5
457,1397,0.5
457,431,0.5
457,1446,0.5
457,731,0.5
457,8414,0.5
457,243,0.5
457,1967,0.5
364,1578,0.5
364,324,0.5
364,474,0.5
364,4438,0.5
364,1397,0.5
364,431,0.5
364,1446,0.5
364,731,0.5
364,8414,0.5
364,243,0.5
71,1578,0.5
71,324,0.5
71,4438,0.5
71,1397,0.5
71,431,0.5
71,1446,0.5
71,731,0.5
71,8414,0.5
71,243,0.5
71,1967,0.5
239,1578,0.5
239,324,0.5
239,225,0.5
239,4438,0.5
239,431,0.5
239,1446,0.5
239,731,0.5
239,8414,0.5
239,243,0.5
239,1967,0.5
654,1578,0.5
654,324,0.5
654,474,0.5
654,225,0.5
654,4438,0.5
654,1397,0.5
654,431,0.5
654,1446,0.5
654,731,0.5
654,8414,0.5
409,1578,0.5
409,324,0.5
409,474,0.5
409,225,0.5
409,4438,0.5
409,1397,0.5
409,431,0.5
409,1446,0.5
409,731,0.5
409,8414,0.5
410,1578,0.5
410,324,0.5
410,474,0.5
410,225,0.5
410,4438,0.5
410,1397,0.5
410,431,0.5
410,1446,0.5
410,731,0.5
410,8414,0.5
120,1578,0.5
120,324,0.5
120,474,0.5
120,225,0.5
120,4438,0.5
120,1397,0.5
120,431,0.5
120,1446,0.5
120,731,0.5
120,8414,0.5
110,1578,0.5
110,324,0.5
110,474,0.5
110,4438,0.5
110,431,0.5
110,1446,0.5
110,731,0.5
110,8414,0.5
110,243,0.5
110,1967,0.5
149,1578,0.5
149,324,0.5
149,474,0.5
149,225,0.5
149,4438,0.5
149,1397,0.5
149,431,0.5
149,1446,0.5
149,731,0.5
149,8414,0.5
98,1578,0.5
98,324,0.5
98,225,0.5
98,4438,0.5
98,1397,0.5
98,431,0.5
98,1446,0.5
98,8414,0.5
98,1967,0.5
98,197,0.5
227,1578,0.5
227,324,0.5
227,474,0.5
227,225,0.5
227,4438,0.5
227,1397,0.5
227,431,0.5
227,1446,0.5
227,731,0.5
227,8414,0.5
146,1578,0.5
146,324,0.5
146,474,0.5
146,225,0.5
146,4438,0.5
146,1397,0.5
146,431,0.5
146,1446,0.5
146,731,0.5
146,8414,0.5
436,1578,0.5
436,324,0.5
436,474,0.5
436,225,0.5
436,4438,0.5
436,1397,0.5
436,431,0.5
436,1446,0.5
436,731,0.5
436,8414,0.5
284,1578,0.5
284,324,0.5
284,474,0.5
284,225,0.5
284,4438,0.5
284,1397,0.5
284,431,0.5
284,1446,0.5
284,731,0.5
284,8414,0.5
249,324,0.5
249,225,0.5
249,4438,0.5
249,1397,0.5
249,431,0.5
249,1446,0.5
249,731,0.5
249,8414,0.5
249,243,0.5
249,1967,0.5
27,1578,0.5
27,324,0.5
27,474,0.5
27,225,0.5
27,4438,0.5
27,1397,0.5
27,431,0.5
27,1446,0.5
27,8414,0.5
27,243,0.5
535,1578,0.5
535,324,0.5
535,474,0.5
535,225,0.5
535,4438,0.5
535,1397,0.5
535,431,0.5
535,1446,0.5
535,731,0.5
535,8414,0.5
661,1578,0.5
661,474,0.5
661,225,0.5
661,4438,0.5
661,1397,0.5
661,431,0.5
661,1446,0.5
661,731,0.5
661,8414,0.5
661,243,0.5
349,1578,0.5
349,324,0.5
349,225,0.5
349,4438,0.5
349,1397,0.5
349,431,0.5
349,1446,0.5
349,731,0.5
349,8414,0.5
349,243,0.5
272,1578,0.5
272,324,0.5
272,474,0.5
272,225,0.5
272,4438,0.5
272,1397,0.5
272,431,0.5
272,1446,0.5
272,731,0.5
272,8414,0.5
312,1578,0.5
312,324,0.5
312,4438,0.5
312,1397,0.5
312,431,0.5
312,1446,0.5
312,731,0.5
312,8414,0.5
312,1967,0.5
312,787,0.5
316,1578,0.5
316,324,0.5
316,474,0.5
316,225,0.5
316,4438,0.5
316,1397,0.5
316,431,0.5
316,1446,0.5
316,731,0.5
316,8414,0.5
645,1578,0.5
645,324,0.5
645,474,0.5
645,225,0.5
645,4438,0.5
645,1397,0.5
645,431,0.5
645,1446,0.5
645,731,0.5
645,8414,0.5
195,1578,0.5
195,324,0.5
195,474,0.5
195,225,0.5
195,4438,0.5
195,1397,0.5
195,431,0.5
195,1446,0.5
195,731,0.5
195,8414,0.5
468,1578,0.5
468,324,0.5
468,474,0.5
468,225,0.5
468,4438,0.5
468,1397,0.5
468,431,0.5
468,1446,0.5
468,731,0.5
468,8414,0.5
534,1578,0.5
534,324,0.5
534,474,0.5
534,225,0.5
534,4438,0.5
534,1397,0.5
534,431,0.5
534,1446,0.5
534,731,0.5
534,8414,0.5
489,1578,0.5
489,324,0.5
489,474,0.5
489,225,0.5
489,4438,0.5
489,1397,0.5
489,431,0.5
489,1446,0.5
489,731,0.5
489,8414,0.5
475,1578,0.5
475,324,0.5
475,474,0.5
475,225,0.5
475,4438,0.5
475,1397,0.5
475,431,0.5
475,1446,0.5
475,731,0.5
475,8414,0.5
637,1578,0.5
637,324,0.5
637,474,0.5
637,225,0.5
637,4438,0.5
637,1397,0.5
637,431,0.5
637,1446,0.5
637,731,0.5
637,8414,0.5
561,1578,0.5
561,225,0.5
561,4438,0.5
561,1397,0.5
561,431,0.5
561,1446,0.5
561,731,0.5
561,8414,0.5
561,243,0.5
561,1967,0.5
24,1578,0.5
24,324,0.5
24,474,0.5
24,225,0.5
24,4438,0.5
24,1397,0.5
24,431,0.5
24,1446,0.5
24,731,0.5
24,8414,0.5
44,1578,0.5
44,324,0.5
44,474,0.5
44,225,0.5
44,4438,0.5
44,1397,0.5
44,431,0.5
44,1446,0.5
44,8414,0.5
44,243,0.5
350,1578,0.5
350,324,0.5
350,474,0.5
350,225,0.5
350,4438,0.5
350,1397,0.5
350,431,0.5
350,1446,0.5
350,731,0.5
350,8414,0.5
91,1578,0.5
91,324,0.5
91,474,0.5
91,225,0.5
91,4438,0.5
91,1397,0.5
91,431,0.5
91,1446,0.5
91,731,0.5
91,8414,0.5
204,1578,0.5
204,324,0.5
204,474,0.5
204,225,0.5
204,4438,0.5
204,1397,0.5
204,431,0.5
204,1446,0.5
204,731,0.5
204,8414,0.5
94,1578,0.5
94,324,0.5
94,474,0.5
94,225,0.5
94,4438,0.5
94,1397,0.5
94,431,0.5
94,1446,0.5
94,731,0.5
94,8414,0.5
431,1578,0.5
431,324,0.5
431,225,0.5
431,4438,0.5
431,1397,0.5
431,431,0.5
431,1446,0.5
431,731,0.5
431,8414,0.5
431,243,0.5
635,1578,0.5
635,324,0.5
635,474,0.5
635,225,0.5
635,4438,0.5
635,1397,0.5
635,431,0.5
635,1446,0.5
635,731,0.5
635,8414,0.5
576,1578,0.5
576,324,0.5
576,474,0.5
576,225,0.5
576,4438,0.5
576,1397,0.5
576,431,0.5
576,1446,0.5
576,731,0.5
576,8414,0.5
168,324,0.5
168,474,0.5
168,225,0.5
168,4438,0.5
168,1397,0.5
168,431,0.5
168,1446,0.5
168,731,0.5
168,8414,0.5
168,243,0.5
445,1578,0.5
445,324,0.5
445,474,0.5
445,225,0.5
445,4438,0.5
445,1397,0.5
445,431,0.5
445,1446,0.5
445,731,0.5
445,8414,0.5
606,1578,0.5
606,324,0.5
606,4438,0.5
606,1397,0.5
606,431,0.5
606,1446,0.5
606,731,0.5
606,8414,0.5
606,243,0.5
606,1967,0.5
626,1578,0.5
626,474,0.5
626,225,0.5
626,4438,0.5
626,1397,0.5
626,431,0.5
626,1446,0.5
626,731,0.5
626,8414,0.5
626,243,0.5
233,1578,0.5
233,324,0.5
233,474,0.5
233,4438,0.5
233,1397,0.5
233,1446,0.5
233,731,0.5
233,8414,0.5
233,243,0.5
233,1967,0.5
647,1578,0.5
647,324,0.5
647,474,0.5
647,4438,0.5
647,1397,0.5
647,431,0.5
647,1446,0.5
647,731,0.5
647,8414,0.5
647,243,0.5
248,1578,0.5
248,324,0.5
248,474,0.5
248,225,0.5
248,4438,0.5
248,1397,0.5
248,431,0.5
248,1446,0.5
248,731,0.5
248,8414,0.5
491,1578,0.5
491,324,0.5
491,474,0.5
491,225,0.5
491,4438,0.5
491,1397,0.5
491,431,0.5
491,1446,0.5
491,731,0.5
491,8414,0.5
88,1578,0.5
88,324,0.5
88,474,0.5
88,225,0.5
88,4438,0.5
88,1397,0.5
88,431,0.5
88,1446,0.5
88,731,0.5
88,8414,0.5
426,1578,0.5
426,324,0.5
426,225,0.5
426,4438,0.5
426,431,0.5
426,1446,0.5
426,731,0.5
426,8414,0.5
426,243,0.5
426,1967,0.5
465,1578,0.5
465,324,0.5
465,474,0.5
465,225,0.5
465,4438,0.5
465,1397,0.5
465,431,0.5
465,1446,0.5
465,8414,0.5
465,1967,0.5
66,1578,0.5
66,474,0.5
66,225,0.5
66,4438,0.5
66,1397,0.5
66,431,0.5
66,1446,0.5
66,731,0.5
66,8414,0.5
66,243,0.5
270,1578,0.5
270,324,0.5
270,474,0.5
270,225,0.5
270,4438,0.5
270,1397,0.5
270,431,0.5
270,1446,0.5
270,731,0.5
270,8414,0.5
46,1578,0.5
46,324,0.5
46,474,0.5
46,225,0.5
46,4438,0.5
46,1397,0.5
46,431,0.5
46,1446,0.5
46,731,0.5
46,8414,0.5
482,1578,0.5
482,324,0.5
482,474,0.5
482,225,0.5
482,4438,0.5
482,1397,0.5
482,431,0.5
482,1446,0.5
482,731,0.5
482,8414,0.5
199,1578,0.5
199,324,0.5
199,225,0.5
199,4438,0.5
199,1397,0.5
199,431,0.5
199,1446,0.5
199,731,0.5
199,8414,0.5
199,243,0.5
175,1578,0.5
175,324,0.5
175,474,0.5
175,225,0.5
175,4438,0.5
175,1397,0.5
175,431,0.5
175,1446,0.5
175,731,0.5
175,8414,0.5
41,1578,0.5
41,324,0.5
41,474,0.5
41,225,0.5
41,4438,0.5
41,1397,0.5
41,431,0.5
41,1446,0.5
41,731,0.5
41,8414,0.5
174,1578,0.5
174,324,0.5
174,474,0.5
174,4438,0.5
174,1397,0.5
174,431,0.5
174,1446,0.5
174,731,0.5
174,8414,0.5
174,243,0.5
417,1578,0.5
417,474,0.5
417,4438,0.5
417,1397,0.5
417,431,0.5
417,1446,0.5
417,731,0.5
417,8414,0.5
417,1967,0.5
417,197,0.5
45,1578,0.5
45,324,0.5
45,474,0.5
45,225,0.5
45,4438,0.5
45,1397,0.5
45,431,0.5
45,1446,0.5
45,731,0.5
45,8414,0.5
229,1578,0.5
229,324,0.5
229,225,0.5
229,4438,0.5
229,1397,0.5
229,431,0.5
229,1446,0.5
229,731,0.5
229,8414,0.5
229,243,0.5
552,1578,0.5
552,324,0.5
552,474,0.5
552,225,0.5
552,4438,0.5
552,1397,0.5
552,431,0.5
552,1446,0.5
552,731,0.5
552,8414,0.5
550,1578,0.5
550,324,0.5
550,474,0.5
550,225,0.5
550,4438,0.5
550,1397,0.5
550,431,0.5
550,1446,0.5
550,731,0.5
550,8414,0.5
541,1578,0.5
541,324,0.5
541,474,0.5
541,225,0.5
541,4438,0.5
541,1397,0.5
541,431,0.5
541,1446,0.5
541,731,0.5
541,8414,0.5
389,1578,0.5
389,324,0.5
389,474,0.5
389,225,0.5
389,4438,0.5
389,1397,0.5
389,431,0.5
389,1446,0.5
389,731,0.5
389,8414,0.5
464,1578,0.5
464,324,0.5
464,474,0.5
464,225,0.5
464,4438,0.5
464,1397,0.5
464,431,0.5
464,1446,0.5
464,731,0.5
464,8414,0.5
646,1578,0.5
646,324,0.5
646,474,0.5
646,225,0.5
646,4438,0.5
646,1397,0.5
646,1446,0.5
646,731,0.5
646,8414,0.5
646,243,0.5
548,1578,0.5
548,324,0.5
548,474,0.5
548,225,0.5
548,4438,0.5
548,1397,0.5
548,431,0.5
548,1446,0.5
548,731,0.5
548,8414,0.5
399,1578,0.5
399,324,0.5
399,474,0.5
399,225,0.5
399,4438,0.5
399,1397,0.5
399,431,0.5
399,1446,0.5
399,731,0.5
399,8414,0.5
135,1578,0.5
135,324,0.5
135,474,0.5
135,225,0.5
135,4438,0.5
135,1397,0.5
135,431,0.5
135,1446,0.5
135,731,0.5
135,8414,0.5
613,1578,0.5
613,324,0.5
613,474,0.5
613,225,0.5
613,4438,0.5
613,1397,0.5
613,431,0.5
613,1446,0.5
613,8414,0.5
613,243,0.5
242,1578,0.5
242,324,0.5
242,4438,0.5
242,1397,0.5
242,431,0.5
242,1446,0.5
242,731,0.5
242,8414,0.5
242,243,0.5
242,1967,0.5
283,1578,0.5
283,324,0.5
283,474,0.5
283,225,0.5
283,4438,0.5
283,1397,0.5
283,431,0.5
283,1446,0.5
283,731,0.5
283,8414,0.5
58,1578,0.5
58,324,0.5
58,474,0.5
58,4438,0.5
58,1397,0.5
58,1446,0.5
58,731,0.5
58,8414,0.5
58,243,0.5
58,1967,0.5
547,1578,0.5
547,324,0.5
547,474,0.5
547,225,0.5
547,4438,0.5
547,1397,0.5
547,431,0.5
547,1446,0.5
547,731,0.5
547,8414,0.5
329,1578,0.5
329,324,0.5
329,474,0.5
329,225,0.5
329,4438,0.5
329,1397,0.5
329,431,0.5
329,1446,0.5
329,8414,0.5
329,243,0.5
315,1578,0.5
315,324,0.5
315,474,0.5
315,225,0.5
315,4438,0.5
315,1397,0.5
315,431,0.5
315,1446,0.5
315,731,0.5
315,8414,0.5
200,1578,0.5
200,324,0.5
200,474,0.5
200,225,0.5
200,4438,0.5
200,1397,0.5
200,431,0.5
200,1446,0.5
200,731,0.5
200,8414,0.5
319,1578,0.5
319,324,0.5
319,225,0.5
319,4438,0.5
319,1397,0.5
319,431,0.5
319,1446,0.5
319,731,0.5
319,8414,0.5
319,243,0.5
466,1578,0.5
466,324,0.5
466,474,0.5
466,225,0.5
466,4438,0.5
466,1397,0.5
466,431,0.5
466,1446,0.5
466,731,0.5
466,8414,0.5
67,1578,0.5
67,324,0.5
67,474,0.5
67,225,0.5
67,4438,0.5
67,1397,0.5
67,431,0.5
67,1446,0.5
67,731,0.5
67,8414,0.5
177,1578,0.5
177,324,0.5
177,474,0.5
177,225,0.5
177,4438,0.5
177,1397,0.5
177,431,0.5
177,1446,0.5
177,731,0.5
177,8414,0.5
111,1578,0.5
111,324,0.5
111,474,0.5
111,225,0.5
111,4438,0.5
111,1397,0.5
111,431,0.5
111,1446,0.5
111,731,0.5
111,8414,0.5
620,1578,0.5
620,324,0.5
620,474,0.5
620,225,0.5
620,4438,0.5
620,1397,0.5
620,431,0.5
620,1446,0.5
620,731,0.5
620,8414,0.5
411,1578,0.5
411,324,0.5
411,474,0.5
411,225,0.5
411,4438,0.5
411,1397,0.5
411,431,0.5
411,1446,0.5
411,731,0.5
411,8414,0.5
306,1578,0.5
306,324,0.5
306,474,0.5
306,225,0.5
306,4438,0.5
306,1397,0.5
306,431,0.5
306,1446,0.5
306,731,0.5
306,8414,0.5
287,1578,0.5
287,324,0.5
287,474,0.5
287,225,0.5
287,4438,0.5
287,1397,0.5
287,431,0.5
287,1446,0.5
287,731,0.5
287,8414,0.5
163,1578,0.5
163,324,0.5
163,474,0.5
163,225,0.5
163,4438,0.5
163,1397,0.5
163,431,0.5
163,1446,0.5
163,731,0.5
163,8414,0.5
297,1578,0.5
297,324,0.5
297,474,0.5
297,225,0.5
297,4438,0.5
297,1397,0.5
297,431,0.5
297,1446,0.5
297,731,0.5
297,8414,0.5
640,1578,0.5
640,474,0.5
640,225,0.5
640,4438,0.5
640,1397,0.5
640,431,0.5
640,1446,0.5
640,731,0.5
640,8414,0.5
640,243,0.5
366,1578,0.5
366,324,0.5
366,474,0.5
366,225,0.5
366,4438,0.5
366,1397,0.5
366,431,0.5
366,1446,0.5
366,731,0.5
366,8414,0.5
93,324,0.5
93,225,0.5
93,4438,0.5
93,1397,0.5
93,431,0.5
93,1446,0.5
93,731,0.5
93,8414,0.5
93,243,0.5
93,1967,0.5
2,1578,0.5
2,324,0.5
2,474,0.5
2,225,0.5
2,4438,0.5
2,1397,0.5
2,431,0.5
2,1446,0.5
2,731,0.5
2,8414,0.5
139,1578,0.5
139,324,0.5
139,474,0.5
139,225,0.5
139,4438,0.5
139,1397,0.5
139,431,0.5
139,1446,0.5
139,731,0.5
139,8414,0.5
276,1578,0.5
276,324,0.5
276,474,0.5
276,225,0.5
276,4438,0.5
276,1397,0.5
276,431,0.5
276,1446,0.5
276,731,0.5
276,8414,0.5
393,1578,0.5
393,474,0.5
393,225,0.5
393,4438,0.5
393,1397,0.5
393,431,0.5
393,1446,0.5
393,8414,0.5
393,243,0.5
393,1967,0.5
634,1578,0.5
634,324,0.5
634,474,0.5
634,225,0.5
634,4438,0.5
634,1397,0.5
634,431,0.5
634,1446,0.5
634,731,0.5
634,8414,0.5
544,1578,0.5
544,324,0.5
544,474,0.5
544,225,0.5
544,4438,0.5
544,1397,0.5
544,431,0.5
544,1446,0.5
544,731,0.5
544,8414,0.5
310,1578,0.5
310,324,0.5
310,474,0.5
310,225,0.5
310,4438,0.5
310,1397,0.5
310,431,0.5
310,1446,0.5
310,731,0.5
310,8414,0.5
522,1578,0.5
522,324,0.5
522,474,0.5
522,225,0.5
522,4438,0.5
522,1397,0.5
522,431,0.5
522,1446,0.5
522,731,0.5
522,8414,0.5
558,1578,0.5
558,324,0.5
558,474,0.5
558,4438,0.5
558,1397,0.5
558,431,0.5
558,1446,0.5
558,731,0.5
558,8414,0.5
558,1967,0.5
31,1578,0.5
31,324,0.5
31,474,0.5
31,225,0.5
31,4438,0.5
31,1397,0.5
31,431,0.5
31,1446,0.5
31,731,0.5
31,8414,0.5
362,1578,0.5
362,324,0.5
362,474,0.5
362,225,0.5
362,4438,0.5
362,1397,0.5
362,1446,0.5
362,8414,0.5
362,1967,0.5
362,197,0.5
434,1578,0.5
434,324,0.5
434,474,0.5
434,225,0.5
434,4438,0.5
434,1397,0.5
434,431,0.5
434,1446,0.5
434,731,0.5
434,8414,0.5
514,1578,0.5
514,324,0.5
514,474,0.5
514,225,0.5
514,4438,0.5
514,1397,0.5
514,431,0.5
514,1446,0.5
514,731,0.5
514,8414,0.5
469,1578,0.5
469,324,0.5
469,474,0.5
469,225,0.5
469,4438,0.5
469,1397,0.5
469,431,0.5
469,1446,0.5
469,731,0.5
469,8414,0.5
265,1578,0.5
265,324,0.5
265,474,0.5
265,225,0.5
265,4438,0.5
265,1397,0.5
265,431,0.5
265,1446,0.5
265,731,0.5
265,8414,0.5
167,1578,0.5
167,324,0.5
167,474,0.5
167,225,0.5
167,4438,0.5
167,1397,0.5
167,431,0.5
167,1446,0.5
167,731,0.5
167,8414,0.5
185,1578,0.5
185,324,0.5
185,474,0.5
185,225,0.5
185,4438,0.5
185,1397,0.5
185,431,0.5
185,1446,0.5
185,731,0.5
185,8414,0.5
285,1578,0.5
285,324,0.5
285,474,0.5
285,225,0.5
285,4438,0.5
285,1397,0.5
285,431,0.5
285,1446,0.5
285,731,0.5
285,8414,0.5
619,1578,0.5
619,324,0.5
619,474,0.5
619,225,0.5
619,4438,0.5
619,1397,0.5
619,431,0.5
619,1446,0.5
619,731,0.5
619,8414,0.5
361,1578,0.5
361,324,0.5
361,4438,0.5
361,1397,0.5
361,431,0.5
361,1446,0.5
361,731,0.5
361,8414,0.5
361,243,0.5
361,1967,0.5
432,1578,0.5
432,324,0.5
432,474,0.5
432,4438,0.5
432,431,0.5
432,1446,0.5
432,731,0.5
432,8414,0.5
432,243,0.5
432,1967,0.5
413,1578,0.5
413,324,0.5
413,474,0.5
413,225,0.5
413,4438,0.5
413,1397,0.5
413,431,0.5
413,1446,0.5
413,731,0.5
413,8414,0.5
651,1578,0.5
651,474,0.5
651,4438,0.5
651,1397,0.5
651,431,0.5
651,1446,0.5
651,731,0.5
651,8414,0.5
651,243,0.5
651,1967,0.5
664,1578,0.5
664,225,0.5
664,4438,0.5
664,1397,0.5
664,431,0.5
664,1446,0.5
664,731,0.5
664,8414,0.5
664,243,0.5
664,1967,0.5
108,1578,0.5
108,324,0.5
108,474,0.5
108,225,0.5
108,4438,0.5
108,1397,0.5
108,431,0.5
108,1446,0.5
108,731,0.5
108,8414,0.5
301,1578,0.5
301,324,0.5
301,474,0.5
301,225,0.5
301,4438,0.5
301,1397,0.5
301,431,0.5
301,1446,0.5
301,731,0.5
301,8414,0.5
300,324,0.5
300,474,0.5
300,225,0.5
300,4438,0.5
300,1397,0.5
300,431,0.5
300,1446,0.5
300,731,0.5
300,8414,0.5
300,243,0.5
302,324,0.5
302,474,0.5
302,225,0.5
302,4438,0.5
302,1397,0.5
302,431,0.5
302,1446,0.5
302,731,0.5
302,8414,0.5
302,243,0.5
375,1578,0.5
375,324,0.5
375,474,0.5
375,4438,0.5
375,1397,0.5
375,431,0.5
375,1446,0.5
375,731,0.5
375,8414,0.5
375,243,0.5
142,1578,0.5
142,324,0.5
142,474,0.5
142,225,0.5
142,4438,0.5
142,1397,0.5
142,431,0.5
142,1446,0.5
142,731,0.5
142,8414,0.5
488,1578,0.5
488,324,0.5
488,474,0.5
488,225,0.5
488,4438,0.5
488,1397,0.5
488,431,0.5
488,1446,0.5
488,731,0.5
488,8414,0.5
303,1578,0.5
303,324,0.5
303,474,0.5
303,225,0.5
303,4438,0.5
303,1397,0.5
303,431,0.5
303,1446,0.5
303,731,0.5
303,8414,0.5
221,1578,0.5
221,324,0.5
221,474,0.5
221,225,0.5
221,4438,0.5
221,1397,0.5
221,431,0.5
221,1446,0.5
221,8414,0.5
221,243,0.5
327,1578,0.5
327,324,0.5
327,474,0.5
327,225,0.5
327,4438,0.5
327,1397,0.5
327,1446,0.5
327,8414,0.5
327,1967,0.5
327,197,0.5
643,1578,0.5
643,324,0.5
643,474,0.5
643,225,0.5
643,4438,0.5
643,1397,0.5
643,431,0.5
643,1446,0.5
643,731,0.5
643,8414,0.5
339,1578,0.5
339,324,0.5
339,474,0.5
339,225,0.5
339,4438,0.5
339,1397,0.5
339,431,0.5
339,1446,0.5
339,731,0.5
339,8414,0.5
92,1578,0.5
92,474,0.5
92,4438,0.5
92,1397,0.5
92,431,0.5
92,1446,0.5
92,731,0.5
92,8414,0.5
92,243,0.5
92,1967,0.5
182,1578,0.5
182,324,0.5
182,474,0.5
182,4438,0.5
182,1397,0.5
182,431,0.5
182,1446,0.5
182,731,0.5
182,8414,0.5
182,243,0.5
629,1578,0.5
629,324,0.5
629,474,0.5
629,225,0.5
629,4438,0.5
629,1397,0.5
629,431,0.5
629,1446,0.5
629,731,0.5
629,8414,0.5
173,1578,0.5
173,324,0.5
173,474,0.5
173,225,0.5
173,4438,0.5
173,1397,0.5
173,431,0.5
173,1446,0.5
173,731,0.5
173,8414,0.5
494,1578,0.5
494,324,0.5
494,474,0.5
494,225,0.5
494,4438,0.5
494,1397,0.5
494,431,0.5
494,1446,0.5
494,731,0.5
494,8414,0.5
527,1578,0.5
527,324,0.5
527,474,0.5
527,225,0.5
527,4438,0.5
527,1397,0.5
527,431,0.5
527,1446,0.5
527,8414,0.5
527,243,0.5
117,1578,0.5
117,324,0.5
117,474,0.5
117,225,0.5
117,4438,0.5
117,1397,0.5
117,431,0.5
117,1446,0.5
117,731,0.5
117,8414,0.5
218,1578,0.5
218,324,0.5
218,474,0.5
218,225,0.5
218,4438,0.5
218,1397,0.5
218,431,0.5
218,1446,0.5
218,731,0.5
218,8414,0.5
137,1578,0.5
137,324,0.5
137,474,0.5
137,225,0.5
137,4438,0.5
137,1397,0.5
137,431,0.5
137,1446,0.5
137,731,0.5
137,8414,0.5
335,1578,0.5
335,324,0.5
335,474,0.5
335,225,0.5
335,4438,0.5
335,1397,0.5
335,431,0.5
335,1446,0.5
335,731,0.5
335,8414,0.5
618,1578,0.5
618,324,0.5
618,474,0.5
618,225,0.5
618,4438,0.5
618,1397,0.5
618,431,0.5
618,1446,0.5
618,731,0.5
618,8414,0.5
73,1578,0.5
73,324,0.5
73,474,0.5
73,4438,0.5
73,1397,0.5
73,431,0.5
73,1446,0.5
73,731,0.5
73,8414,0.5
73,243,0.5
390,1578,0.5
390,324,0.5
390,474,0.5
390,225,0.5
390,4438,0.5
390,1397,0.5
390,431,0.5
390,1446,0.5
390,731,0.5
390,8414,0.5
472,1578,0.5
472,324,0.5
472,474,0.5
472,225,0.5
472,4438,0.5
472,1397,0.5
472,431,0.5
472,1446,0.5
472,731,0.5
472,8414,0.5
346,1578,0.5
346,324,0.5
346,474,0.5
346,225,0.5
346,4438,0.5
346,1397,0.5
346,431,0.5
346,1446,0.5
346,731,0.5
346,8414,0.5
455,1578,0.5
455,324,0.5
455,474,0.5
455,225,0.5
455,4438,0.5
455,1397,0.5
455,431,0.5
455,1446,0.5
455,731,0.5
455,8414,0.5
116,1578,0.5
116,324,0.5
116,474,0.5
116,225,0.5
116,4438,0.5
116,1397,0.5
116,431,0.5
116,1446,0.5
116,731,0.5
116,8414,0.5
530,1578,0.5
530,324,0.5
530,474,0.5
530,225,0.5
530,4438,0.5
530,1397,0.5
530,431,0.5
530,1446,0.5
530,731,0.5
530,8414,0.5
292,1578,0.5
292,324,0.5
292,474,0.5
292,225,0.5
292,4438,0.5
292,1397,0.5
292,431,0.5
292,1446,0.5
292,731,0.5
292,8414,0.5
501,1578,0.5
501,324,0.5
501,474,0.5
501,225,0.5
501,4438,0.5
501,1397,0.5
501,1446,0.5
501,731,0.5
501,8414,0.5
501,243,0.5
183,1578,0.5
183,324,0.5
183,474,0.5
183,225,0.5
183,4438,0.5
183,1397,0.5
183,431,0.5
183,1446,0.5
183,731,0.5
183,8414,0.5
670,1578,0.5
670,324,0.5
670,474,0.5
670,225,0.5
670,4438,0.5
670,1397,0.5
670,1446,0.5
670,731,0.5
670,8414,0.5
670,243,0.5
505,1578,0.5
505,324,0.5
505,474,0.5
505,225,0.5
505,4438,0.5
505,1397,0.5
505,431,0.5
505,1446,0.5
505,731,0.5
505,8414,0.5
437,1578,0.5
437,324,0.5
437,474,0.5
437,225,0.5
437,4438,0.5
437,1397,0.5
437,431,0.5
437,1446,0.5
437,731,0.5
437,8414,0.5
388,1578,0.5
388,324,0.5
388,474,0.5
388,225,0.5
388,4438,0.5
388,1397,0.5
388,431,0.5
388,1446,0.5
388,731,0.5
388,8414,0.5
555,1578,0.5
555,324,0.5
555,474,0.5
555,225,0.5
555,4438,0.5
555,1397,0.5
555,431,0.5
555,1446,0.5
555,731,0.5
555,8414,0.5
512,1578,0.5
512,324,0.5
512,474,0.5
512,225,0.5
512,4438,0.5
512,1397,0.5
512,431,0.5
512,1446,0.5
512,731,0.5
512,8414,0.5
481,1578,0.5
481,324,0.5
481,474,0.5
481,225,0.5
481,4438,0.5
481,1397,0.5
481,431,0.5
481,1446,0.5
481,731,0.5
481,8414,0.5
424,1578,0.5
424,324,0.5
424,474,0.5
424,225,0.5
424,4438,0.5
424,1397,0.5
424,431,0.5
424,1446,0.5
424,731,0.5
424,8414,0.5
441,1578,0.5
441,324,0.5
441,474,0.5
441,225,0.5
441,4438,0.5
441,1397,0.5
441,431,0.5
441,1446,0.5
441,731,0.5
441,8414,0.5
254,324,0.5
254,474,0.5
254,225,0.5
254,4438,0.5
254,1397,0.5
254,431,0.5
254,1446,0.5
254,731,0.5
254,8414,0.5
254,243,0.5
492,1578,0.5
492,474,0.5
492,225,0.5
492,4438,0.5
492,1397,0.5
492,431,0.5
492,1446,0.5
492,731,0.5
492,8414,0.5
492,243,0.5
428,1578,0.5
428,324,0.5
428,474,0.5
428,225,0.5
428,4438,0.5
428,1397,0.5
428,431,0.5
428,1446,0.5
428,731,0.5
428,8414,0.5
124,1578,0.5
124,324,0.5
124,4438,0.5
124,1397,0.5
124,431,0.5
124,1446,0.5
124,731,0.5
124,8414,0.5
124,243,0.5
124,1967,0.5
36,1578,0.5
36,324,0.5
36,474,0.5
36,225,0.5
36,4438,0.5
36,1397,0.5
36,431,0.5
36,1446,0.5
36,731,0.5
36,8414,0.5
201,1578,0.5
201,324,0.5
201,474,0.5
201,225,0.5
201,4438,0.5
201,1397,0.5
201,431,0.5
201,1446,0.5
201,731,0.5
201,8414,0.5
236,1578,0.5
236,324,0.5
236,474,0.5
236,225,0.5
236,4438,0.5
236,1397,0.5
236,431,0.5
236,1446,0.5
236,731,0.5
236,8414,0.5
158,1578,0.5
158,324,0.5
158,225,0.5
158,4438,0.5
158,1397,0.5
158,1446,0.5
158,731,0.5
158,8414,0.5
158,243,0.5
158,1967,0.5
234,1578,0.5
234,225,0.5
234,4438,0.5
234,1397,0.5
234,431,0.5
234,1446,0.5
234,731,0.5
234,8414,0.5
234,243,0.5
234,1967,0.5
415,1578,0.5
415,474,0.5
415,225,0.5
415,4438,0.5
415,1397,0.5
415,431,0.5
415,1446,0.5
415,731,0.5
415,8414,0.5
415,243,0.5
396,1578,0.5
396,324,0.5
396,474,0.5
396,225,0.5
396,4438,0.5
396,1397,0.5
396,431,0.5
396,1446,0.5
396,731,0.5
396,8414,0.5
193,1578,0.5
193,324,0.5
193,474,0.5
193,225,0.5
193,4438,0.5
193,1397,0.5
193,431,0.5
193,1446,0.5
193,731,0.5
193,8414,0.5
80,1578,0.5
80,324,0.5
80,474,0.5
80,225,0.5
80,4438,0.5
80,1397,0.5
80,431,0.5
80,1446,0.5
80,8414,0.5
80,243,0.5
50,1578,0.5
50,324,0.5
50,474,0.5
50,225,0.5
50,4438,0.5
50,1397,0.5
50,431,0.5
50,1446,0.5
50,731,0.5
50,8414,0.5
154,1578,0.5
154,324,0.5
154,474,0.5
154,225,0.5
154,4438,0.5
154,1397,0.5
154,431,0.5
154,1446,0.5
154,731,0.5
154,8414,0.5
23,1578,0.5
23,324,0.5
23,474,0.5
23,225,0.5
23,4438,0.5
23,1397,0.5
23,431,0.5
23,1446,0.5
23,731,0.5
23,8414,0.5
49,1578,0.5
49,324,0.5
49,474,0.5
49,225,0.5
49,4438,0.5
49,1397,0.5
49,431,0.5
49,1446,0.5
49,731,0.5
49,8414,0.5
353,1578,0.5
353,324,0.5
353,474,0.5
353,225,0.5
353,4438,0.5
353,1397,0.5
353,431,0.5
353,1446,0.5
353,731,0.5
353,8414,0.5
338,1578,0.5
338,324,0.5
338,474,0.5
338,225,0.5
338,4438,0.5
338,1397,0.5
338,431,0.5
338,1446,0.5
338,731,0.5
338,8414,0.5
223,1578,0.5
223,324,0.5
223,474,0.5
223,225,0.5
223,4438,0.5
223,1397,0.5
223,431,0.5
223,1446,0.5
223,731,0.5
223,8414,0.5
150,1578,0.5
150,324,0.5
150,474,0.5
150,225,0.5
150,4438,0.5
150,1397,0.5
150,431,0.5
150,1446,0.5
150,731,0.5
150,8414,0.5
343,1578,0.5
343,324,0.5
343,474,0.5
343,225,0.5
343,4438,0.5
343,1397,0.5
343,431,0.5
343,1446,0.5
343,731,0.5
343,8414,0.5
435,1578,0.5
435,324,0.5
435,474,0.5
435,225,0.5
435,4438,0.5
435,1397,0.5
435,431,0.5
435,1446,0.5
435,731,0.5
435,8414,0.5
551,1578,0.5
551,324,0.5
551,474,0.5
551,225,0.5
551,4438,0.5
551,1397,0.5
551,431,0.5
551,1446,0.5
551,731,0.5
551,8414,0.5
123,1578,0.5
123,324,0.5
123,474,0.5
123,4438,0.5
123,1397,0.5
123,431,0.5
123,1446,0.5
123,731,0.5
123,8414,0.5
123,243,0.5
405,1578,0.5
405,324,0.5
405,474,0.5
405,225,0.5
405,4438,0.5
405,1397,0.5
405,431,0.5
405,1446,0.5
405,731,0.5
405,8414,0.5
450,1578,0.5
450,324,0.5
450,474,0.5
450,225,0.5
450,4438,0.5
450,1397,0.5
450,431,0.5
450,1446,0.5
450,731,0.5
450,8414,0.5
487,1578,0.5
487,324,0.5
487,474,0.5
487,225,0.5
487,4438,0.5
487,1397,0.5
487,431,0.5
487,1446,0.5
487,731,0.5
487,8414,0.5
40,1578,0.5
40,324,0.5
40,474,0.5
40,225,0.5
40,4438,0.5
40,1397,0.5
40,431,0.5
40,1446,0.5
40,731,0.5
40,8414,0.5
278,1578,0.5
278,324,0.5
278,474,0.5
278,225,0.5
278,4438,0.5
278,1397,0.5
278,431,0.5
278,1446,0.5
278,731,0.5
278,8414,0.5
659,1578,0.5
659,324,0.5
659,474,0.5
659,225,0.5
659,4438,0.5
659,1397,0.5
659,431,0.5
659,1446,0.5
659,731,0.5
659,8414,0.5
392,1578,0.5
392,324,0.5
392,474,0.5
392,225,0.5
392,4438,0.5
392,1397,0.5
392,431,0.5
392,1446,0.5
392,731,0.5
392,8414,0.5
144,1578,0.5
144,474,0.5
144,225,0.5
144,4438,0.5
144,1397,0.5
144,431,0.5
144,1446,0.5
144,731,0.5
144,8414,0.5
144,243,0.5
449,1578,0.5
449,324,0.5
449,225,0.5
449,4438,0.5
449,1397,0.5
449,431,0.5
449,1446,0.5
449,731,0.5
449,8414,0.5
449,243,0.5
170,1578,0.5
170,324,0.5
170,474,0.5
170,225,0.5
170,4438,0.5
170,1397,0.5
170,431,0.5
170,1446,0.5
170,731,0.5
170,8414,0.5
7,1578,0.5
7,324,0.5
7,4438,0.5
7,1397,0.5
7,431,0.5
7,1446,0.5
7,731,0.5
7,8414,0.5
7,243,0.5
7,1967,0.5
295,1578,0.5
295,324,0.5
295,474,0.5
295,225,0.5
295,4438,0.5
295,1397,0.5
295,431,0.5
295,1446,0.5
295,731,0.5
295,8414,0.5
203,1578,0.5
203,324,0.5
203,474,0.5
203,225,0.5
203,4438,0.5
203,1397,0.5
203,431,0.5
203,1446,0.5
203,731,0.5
203,8414,0.5
371,1578,0.5
371,474,0.5
371,225,0.5
371,4438,0.5
371,1397,0.5
371,431,0.5
371,1446,0.5
371,731,0.5
371,8414,0.5
371,243,0.5
523,1578,0.5
523,324,0.5
523,225,0.5
523,4438,0.5
523,1397,0.5
523,431,0.5
523,1446,0.5
523,731,0.5
523,8414,0.5
523,243,0.5
222,1578,0.5
222,324,0.5
222,474,0.5
222,225,0.5
222,4438,0.5
222,1397,0.5
222,431,0.5
222,1446,0.5
222,731,0.5
222,8414,0.5
347,1578,0.5
347,324,0.5
347,474,0.5
347,225,0.5
347,4438,0.5
347,1397,0.5
347,431,0.5
347,1446,0.5
347,731,0.5
347,8414,0.5
290,1578,0.5
290,324,0.5
290,474,0.5
290,225,0.5
290,4438,0.5
290,1397,0.5
290,431,0.5
290,1446,0.5
290,731,0.5
290,8414,0.5
453,1578,0.5
453,324,0.5
453,474,0.5
453,225,0.5
453,4438,0.5
453,1397,0.5
453,431,0.5
453,1446,0.5
453,731,0.5
453,8414,0.5
446,1578,0.5
446,324,0.5
446,474,0.5
446,225,0.5
446,4438,0.5
446,1397,0.5
446,431,0.5
446,1446,0.5
446,731,0.5
446,8414,0.5
39,1578,0.5
39,324,0.5
39,474,0.5
39,225,0.5
39,4438,0.5
39,1397,0.5
39,431,0.5
39,1446,0.5
39,731,0.5
39,8414,0.5
61,1578,0.5
61,324,0.5
61,225,0.5
61,4438,0.5
61,1397,0.5
61,431,0.5
61,1446,0.5
61,731,0.5
61,8414,0.5
61,243,0.5
495,1578,0.5
495,474,0.5
495,225,0.5
495,4438,0.5
495,1397,0.5
495,431,0.5
495,1446,0.5
495,731,0.5
495,8414,0.5
495,243,0.5
419,1578,0.5
419,324,0.5
419,474,0.5
419,225,0.5
419,4438,0.5
419,1397,0.5
419,431,0.5
419,1446,0.5
419,731,0.5
419,8414,0.5
439,1578,0.5
439,324,0.5
439,474,0.5
439,225,0.5
439,4438,0.5
439,1397,0.5
439,431,0.5
439,1446,0.5
439,731,0.5
439,8414,0.5
189,1578,0.5
189,324,0.5
189,474,0.5
189,225,0.5
189,4438,0.5
189,1397,0.5
189,431,0.5
189,1446,0.5
189,731,0.5
189,8414,0.5
165,1578,0.5
165,324,0.5
165,474,0.5
165,225,0.5
165,4438,0.5
165,1397,0.5
165,431,0.5
165,1446,0.5
165,731,0.5
165,8414,0.5
252,1578,0.5
252,4438,0.5
252,1397,0.5
252,431,0.5
252,1446,0.5
252,731,0.5
252,8414,0.5
252,243,0.5
252,1967,0.5
252,197,0.5
625,1578,0.5
625,324,0.5
625,474,0.5
625,225,0.5
625,4438,0.5
625,1397,0.5
625,431,0.5
625,1446,0.5
625,731,0.5
625,8414,0.5
569,1578,0.5
569,324,0.5
569,474,0.5
569,225,0.5
569,4438,0.5
569,1397,0.5
569,431,0.5
569,1446,0.5
569,731,0.5
569,8414,0.5
477,324,0.5
477,474,0.5
477,225,0.5
477,4438,0.5
477,1397,0.5
477,431,0.5
477,1446,0.5
477,731,0.5
477,8414,0.5
477,243,0.5
592,1578,0.5
592,474,0.5
592,225,0.5
592,4438,0.5
592,1397,0.5
592,431,0.5
592,1446,0.5
592,731,0.5
592,8414,0.5
592,243,0.5
562,1578,0.5
562,324,0.5
562,225,0.5
562,4438,0.5
562,1397,0.5
562,431,0.5
562,1446,0.5
562,731,0.5
562,8414,0.5
562,243,0.5
141,1578,0.5
141,324,0.5
141,474,0.5
141,225,0.5
141,4438,0.5
141,1397,0.5
141,431,0.5
141,1446,0.5
141,731,0.5
141,8414,0.5
326,1578,0.5
326,324,0.5
326,474,0.5
326,225,0.5
326,4438,0.5
326,1397,0.5
326,431,0.5
326,1446,0.5
326,731,0.5
326,8414,0.5
403,1578,0.5
403,324,0.5
403,225,0.5
403,4438,0.5
403,1397,0.5
403,431,0.5
403,1446,0.5
403,731,0.5
403,8414,0.5
403,243,0.5
342,1578,0.5
342,324,0.5
342,474,0.5
342,225,0.5
342,4438,0.5
342,1397,0.5
342,1446,0.5
342,731,0.5
342,8414,0.5
342,243,0.5
658,1578,0.5
658,324,0.5
658,474,0.5
658,225,0.5
658,4438,0.5
658,1397,0.5
658,431,0.5
658,1446,0.5
658,731,0.5
658,8414,0.5
64,1578,0.5
64,324,0.5
64,474,0.5
64,225,0.5
64,4438,0.5
64,1397,0.5
64,431,0.5
64,1446,0.5
64,731,0.5
64,8414,0.5
253,1578,0.5
253,324,0.5
253,474,0.5
253,225,0.5
253,4438,0.5
253,1397,0.5
253,431,0.5
253,1446,0.5
253,8414,0.5
253,243,0.5
51,1578,0.5
51,324,0.5
51,474,0.5
51,225,0.5
51,4438,0.5
51,1397,0.5
51,431,0.5
51,1446,0.5
51,731,0.5
51,8414,0.5
627,1578,0.5
627,324,0.5
627,474,0.5
627,225,0.5
627,4438,0.5
627,1397,0.5
627,431,0.5
627,1446,0.5
627,731,0.5
627,8414,0.5
542,1578,0.5
542,324,0.5
542,474,0.5
542,225,0.5
542,4438,0.5
542,1397,0.5
542,431,0.5
542,1446,0.5
542,731,0.5
542,8414,0.5
341,1578,0.5
341,324,0.5
341,474,0.5
341,4438,0.5
341,1397,0.5
341,431,0.5
341,1446,0.5
341,8414,0.5
341,243,0.5
341,1967,0.5
209,1578,0.5
209,324,0.5
209,474,0.5
209,225,0.5
209,4438,0.5
209,1397,0.5
209,431,0.5
209,1446,0.5
209,731,0.5
209,8414,0.5
628,1578,0.5
628,474,0.5
628,225,0.5
628,4438,0.5
628,1397,0.5
628,431,0.5
628,1446,0.5
628,731,0.5
628,8414,0.5
628,243,0.5
190,1578,0.5
190,324,0.5
190,474,0.5
190,225,0.5
190,4438,0.5
190,1397,0.5
190,431,0.5
190,1446,0.5
190,731,0.5
190,8414,0.5
244,1578,0.5
244,324,0.5
244,225,0.5
244,4438,0.5
244,1397,0.5
244,431,0.5
244,1446,0.5
244,731,0.5
244,8414,0.5
244,243,0.5
328,1578,0.5
328,324,0.5
328,474,0.5
328,225,0.5
328,4438,0.5
328,1397,0.5
328,431,0.5
328,1446,0.5
328,731,0.5
328,8414,0.5
282,1578,0.5
282,4438,0.5
282,1397,0.5
282,1446,0.5
282,731,0.5
282,8414,0.5
282,243,0.5
282,1967,0.5
282,787,0.5
282,2655,0.5
509,1578,0.5
509,324,0.5
509,474,0.5
509,225,0.5
509,4438,0.5
509,1397,0.5
509,431,0.5
509,1446,0.5
509,731,0.5
509,8414,0.5
106,1578,0.5
106,324,0.5
106,474,0.5
106,225,0.5
106,4438,0.5
106,1397,0.5
106,431,0.5
106,1446,0.5
106,731,0.5
106,8414,0.5
378,1578,0.5
378,324,0.5
378,474,0.5
378,4438,0.5
378,1397,0.5
378,431,0.5
378,1446,0.5
378,731,0.5
378,8414,0.5
378,243,0.5
612,1578,0.5
612,324,0.5
612,474,0.5
612,225,0.5
612,4438,0.5
612,1397,0.5
612,1446,0.5
612,731,0.5
612,8414,0.5
612,243,0.5
228,1578,0.5
228,324,0.5
228,474,0.5
228,225,0.5
228,4438,0.5
228,1397,0.5
228,431,0.5
228,1446,0.5
228,731,0.5
228,8414,0.5
358,1578,0.5
358,324,0.5
358,474,0.5
358,225,0.5
358,4438,0.5
358,1397,0.5
358,431,0.5
358,1446,0.5
358,731,0.5
358,8414,0.5
398,1578,0.5
398,324,0.5
398,474,0.5
398,225,0.5
398,4438,0.5
398,1397,0.5
398,431,0.5
398,1446,0.5
398,731,0.5
398,8414,0.5
593,1578,0.5
593,324,0.5
593,474,0.5
593,225,0.5
593,4438,0.5
593,1397,0.5
593,431,0.5
593,1446,0.5
593,731,0.5
593,8414,0.5
486,1578,0.5
486,474,0.5
486,225,0.5
486,4438,0.5
486,1397,0.5
486,431,0.5
486,1446,0.5
486,731,0.5
486,8414,0.5
486,243,0.5
289,1578,0.5
289,324,0.5
289,474,0.5
289,225,0.5
289,4438,0.5
289,1397,0.5
289,431,0.5
289,1446,0.5
289,731,0.5
289,8414,0.5
585,1578,0.5
585,324,0.5
585,474,0.5
585,225,0.5
585,4438,0.5
585,1397,0.5
585,431,0.5
585,1446,0.5
585,731,0.5
585,8414,0.5
630,1578,0.5
630,324,0.5
630,474,0.5
630,225,0.5
630,4438,0.5
630,1397,0.5
630,431,0.5
630,1446,0.5
630,731,0.5
630,8414,0.5
83,1578,0.5
83,324,0.5
83,474,0.5
83,225,0.5
83,4438,0.5
83,1397,0.5
83,431,0.5
83,1446,0.5
83,731,0.5
83,8414,0.5
610,1578,0.5
610,324,0.5
610,474,0.5
610,225,0.5
610,4438,0.5
610,1397,0.5
610,431,0.5
610,1446,0.5
610,731,0.5
610,8414,0.5
5,1578,0.5
5,324,0.5
5,474,0.5
5,225,0.5
5,4438,0.5
5,1397,0.5
5,431,0.5
5,1446,0.5
5,731,0.5
5,8414,0.5
197,1578,0.5
197,324,0.5
197,225,0.5
197,4438,0.5
197,1397,0.5
197,431,0.5
197,1446,0.5
197,731,0.5
197,8414,0.5
197,243,0.5
657,1578,0.5
657,324,0.5
657,474,0.5
657,225,0.5
657,4438,0.5
657,1397,0.5
657,431,0.5
657,1446,0.5
657,731,0.5
657,8414,0.5
368,1578,0.5
368,474,0.5
368,225,0.5
368,4438,0.5
368,1397,0.5
368,431,0.5
368,1446,0.5
368,731,0.5
368,8414,0.5
368,243,0.5
570,1578,0.5
570,324,0.5
570,474,0.5
570,225,0.5
570,4438,0.5
570,1397,0.5
570,431,0.5
570,1446,0.5
570,731,0.5
570,8414,0.5
274,1578,0.5
274,324,0.5
274,474,0.5
274,225,0.5
274,4438,0.5
274,1397,0.5
274,431,0.5
274,1446,0.5
274,731,0.5
274,8414,0.5
641,1578,0.5
641,324,0.5
641,474,0.5
641,225,0.5
641,4438,0.5
641,1397,0.5
641,431,0.5
641,1446,0.5
641,731,0.5
641,8414,0.5
575,1578,0.5
575,324,0.5
575,474,0.5
575,225,0.5
575,4438,0.5
575,1397,0.5
575,431,0.5
575,1446,0.5
575,731,0.5
575,8414,0.5
122,1578,0.5
122,324,0.5
122,474,0.5
122,225,0.5
122,4438,0.5
122,1397,0.5
122,431,0.5
122,1446,0.5
122,731,0.5
122,8414,0.5
251,1578,0.5
251,324,0.5
251,474,0.5
251,225,0.5
251,4438,0.5
251,1397,0.5
251,431,0.5
251,1446,0.5
251,731,0.5
251,8414,0.5
9,1578,0.5
9,324,0.5
9,474,0.5
9,225,0.5
9,4438,0.5
9,1397,0.5
9,431,0.5
9,1446,0.5
9,731,0.5
9,8414,0.5
571,324,0.5
571,474,0.5
571,225,0.5
571,4438,0.5
571,1397,0.5
571,431,0.5
571,1446,0.5
571,731,0.5
571,8414,0.5
571,243,0.5
608,1578,0.5
608,324,0.5
608,474,0.5
608,225,0.5
608,4438,0.5
608,1397,0.5
608,431,0.5
608,1446,0.5
608,731,0.5
608,8414,0.5
68,1578,0.5
68,474,0.5
68,225,0.5
68,4438,0.5
68,1397,0.5
68,431,0.5
68,1446,0.5
68,731,0.5
68,8414,0.5
68,243,0.5
19,1578,0.5
19,474,0.5
19,225,0.5
19,4438,0.5
19,1397,0.5
19,1446,0.5
19,731,0.5
19,8414,0.5
19,243,0.5
19,1967,0.5
169,1578,0.5
169,324,0.5
169,474,0.5
169,225,0.5
169,4438,0.5
169,1397,0.5
169,431,0.5
169,1446,0.5
169,731,0.5
169,8414,0.5
214,1578,0.5
214,324,0.5
214,474,0.5
214,225,0.5
214,4438,0.5
214,1397,0.5
214,431,0.5
214,1446,0.5
214,731,0.5
214,8414,0.5
391,1578,0.5
391,324,0.5
391,474,0.5
391,225,0.5
391,4438,0.5
391,1397,0.5
391,431,0.5
391,1446,0.5
391,731,0.5
391,8414,0.5
365,1578,0.5
365,324,0.5
365,474,0.5
365,225,0.5
365,4438,0.5
365,1397,0.5
365,431,0.5
365,1446,0.5
365,731,0.5
365,8414,0.5
334,1578,0.5
334,324,0.5
334,474,0.5
334,225,0.5
334,4438,0.5
334,1397,0.5
334,431,0.5
334,1446,0.5
334,731,0.5
334,8414,0.5
454,1578,0.5
454,324,0.5
454,474,0.5
454,225,0.5
454,4438,0.5
454,1397,0.5
454,431,0.5
454,1446,0.5
454,731,0.5
454,8414,0.5
622,1578,0.5
622,324,0.5
622,474,0.5
622,225,0.5
622,4438,0.5
622,1397,0.5
622,431,0.5
622,1446,0.5
622,731,0.5
622,8414,0.5
537,1578,0.5
537,324,0.5
537,474,0.5
537,225,0.5
537,4438,0.5
537,1397,0.5
537,431,0.5
537,1446,0.5
537,731,0.5
537,8414,0.5
621,1578,0.5
621,324,0.5
621,225,0.5
621,4438,0.5
621,1397,0.5
621,431,0.5
621,1446,0.5
621,731,0.5
621,8414,0.5
621,243,0.5
13,1578,0.5
13,324,0.5
13,474,0.5
13,225,0.5
13,4438,0.5
13,1397,0.5
13,431,0.5
13,1446,0.5
13,731,0.5
13,8414,0.5
376,1578,0.5
376,324,0.5
376,474,0.5
376,225,0.5
376,4438,0.5
376,1397,0.5
376,431,0.5
376,1446,0.5
376,731,0.5
376,8414,0.5
599,1578,0.5
599,324,0.5
599,474,0.5
599,225,0.5
599,4438,0.5
599,1397,0.5
599,431,0.5
599,1446,0.5
599,731,0.5
599,8414,0.5
187,1578,0.5
187,474,0.5
187,225,0.5
187,4438,0.5
187,1397,0.5
187,431,0.5
187,1446,0.5
187,731,0.5
187,8414,0.5
187,243,0.5
556,1578,0.5
556,324,0.5
556,474,0.5
556,225,0.5
556,4438,0.5
556,1397,0.5
556,431,0.5
556,1446,0.5
556,731,0.5
556,8414,0.5
30,1578,0.5
30,324,0.5
30,474,0.5
30,225,0.5
30,4438,0.5
30,1397,0.5
30,431,0.5
30,1446,0.5
30,731,0.5
30,8414,0.5
382,1578,0.5
382,324,0.5
382,474,0.5
382,225,0.5
382,4438,0.5
382,1397,0.5
382,431,0.5
382,1446,0.5
382,731,0.5
382,8414,0.5
304,1578,0.5
304,324,0.5
304,474,0.5
304,225,0.5
304,4438,0.5
304,1397,0.5
304,431,0.5
304,1446,0.5
304,731,0.5
304,8414,0.5
243,1578,0.5
243,324,0.5
243,474,0.5
243,225,0.5
243,4438,0.5
243,1397,0.5
243,431,0.5
243,1446,0.5
243,731,0.5
243,8414,0.5
78,1578,0.5
78,324,0.5
78,474,0.5
78,225,0.5
78,4438,0.5
78,1397,0.5
78,431,0.5
78,1446,0.5
78,731,0.5
78,8414,0.5
314,1578,0.5
314,324,0.5
314,474,0.5
314,225,0.5
314,4438,0.5
314,1397,0.5
314,431,0.5
314,1446,0.5
314,731,0.5
314,8414,0.5
140,1578,0.5
140,324,0.5
140,474,0.5
140,225,0.5
140,4438,0.5
140,1397,0.5
140,431,0.5
140,1446,0.5
140,731,0.5
140,8414,0.5
397,1578,0.5
397,324,0.5
397,474,0.5
397,225,0.5
397,4438,0.5
397,1397,0.5
397,431,0.5
397,1446,0.5
397,731,0.5
397,8414,0.5
384,1578,0.5
384,324,0.5
384,474,0.5
384,225,0.5
384,4438,0.5
384,1397,0.5
384,431,0.5
384,1446,0.5
384,731,0.5
384,8414,0.5
408,1578,0.5
408,324,0.5
408,474,0.5
408,225,0.5
408,4438,0.5
408,1397,0.5
408,431,0.5
408,1446,0.5
408,731,0.5
408,8414,0.5
153,1578,0.5
153,324,0.5
153,474,0.5
153,225,0.5
153,4438,0.5
153,1397,0.5
153,431,0.5
153,1446,0.5
153,731,0.5
153,8414,0.5
317,1578,0.5
317,324,0.5
317,474,0.5
317,225,0.5
317,4438,0.5
317,1397,0.5
317,431,0.5
317,1446,0.5
317,731,0.5
317,8414,0.5
205,1578,0.5
205,324,0.5
205,474,0.5
205,225,0.5
205,4438,0.5
205,1397,0.5
205,431,0.5
205,1446,0.5
205,731,0.5
205,8414,0.5
572,1578,0.5
572,324,0.5
572,474,0.5
572,225,0.5
572,4438,0.5
572,1397,0.5
572,431,0.5
572,1446,0.5
572,731,0.5
572,8414,0.5
668,1578,0.5
668,324,0.5
668,474,0.5
668,225,0.5
668,4438,0.5
668,1397,0.5
668,431,0.5
668,1446,0.5
668,731,0.5
668,8414,0.5
616,1578,0.5
616,324,0.5
616,474,0.5
616,225,0.5
616,4438,0.5
616,1397,0.5
616,431,0.5
616,1446,0.5
616,731,0.5
616,8414,0.5
99,1578,0.5
99,324,0.5
99,474,0.5
99,225,0.5
99,4438,0.5
99,1397,0.5
99,1446,0.5
99,731,0.5
99,8414,0.5
99,243,0.5
322,1578,0.5
322,324,0.5
322,474,0.5
322,225,0.5
322,4438,0.5
322,1397,0.5
322,431,0.5
322,1446,0.5
322,731,0.5
322,8414,0.5
215,1578,0.5
215,324,0.5
215,4438,0.5
215,1397,0.5
215,431,0.5
215,1446,0.5
215,731,0.5
215,8414,0.5
215,243,0.5
215,1967,0.5
510,1578,0.5
510,324,0.5
510,474,0.5
510,225,0.5
510,4438,0.5
510,1397,0.5
510,431,0.5
510,1446,0.5
510,731,0.5
510,8414,0.5
268,1578,0.5
268,324,0.5
268,474,0.5
268,225,0.5
268,4438,0.5
268,1397,0.5
268,431,0.5
268,1446,0.5
268,731,0.5
268,8414,0.5
179,1578,0.5
179,324,0.5
179,474,0.5
179,225,0.5
179,4438,0.5
179,1397,0.5
179,431,0.5
179,1446,0.5
179,731,0.5
179,8414,0.5
307,1578,0.5
307,324,0.5
307,474,0.5
307,225,0.5
307,4438,0.5
307,1397,0.5
307,431,0.5
307,1446,0.5
307,731,0.5
307,8414,0.5
125,1578,0.5
125,324,0.5
125,474,0.5
125,225,0.5
125,4438,0.5
125,1397,0.5
125,431,0.5
125,1446,0.5
125,731,0.5
125,8414,0.5
26,1578,0.5
26,324,0.5
26,474,0.5
26,225,0.5
26,4438,0.5
26,1397,0.5
26,431,0.5
26,1446,0.5
26,731,0.5
26,8414,0.5
152,1578,0.5
152,324,0.5
152,474,0.5
152,225,0.5
152,4438,0.5
152,1397,0.5
152,431,0.5
152,1446,0.5
152,731,0.5
152,8414,0.5
10,1578,0.5
10,324,0.5
10,474,0.5
10,225,0.5
10,4438,0.5
10,1397,0.5
10,431,0.5
10,1446,0.5
10,731,0.5
10,8414,0.5
162,1578,0.5
162,324,0.5
162,474,0.5
162,225,0.5
162,4438,0.5
162,1397,0.5
162,431,0.5
162,1446,0.5
162,731,0.5
162,8414,0.5
473,1578,0.5
473,324,0.5
473,474,0.5
473,225,0.5
473,4438,0.5
473,1397,0.5
473,431,0.5
473,1446,0.5
473,731,0.5
473,8414,0.5
506,1578,0.5
506,324,0.5
506,474,0.5
506,225,0.5
506,4438,0.5
506,1397,0.5
506,1446,0.5
506,731,0.5
506,8414,0.5
506,243,0.5
63,1578,0.5
63,324,0.5
63,474,0.5
63,225,0.5
63,4438,0.5
63,1397,0.5
63,431,0.5
63,1446,0.5
63,731,0.5
63,8414,0.5
275,1578,0.5
275,324,0.5
275,474,0.5
275,225,0.5
275,4438,0.5
275,1397,0.5
275,431,0.5
275,1446,0.5
275,731,0.5
275,8414,0.5
34,1578,0.5
34,324,0.5
34,474,0.5
34,225,0.5
34,4438,0.5
34,1397,0.5
34,431,0.5
34,1446,0.5
34,731,0.5
34,8414,0.5
600,1578,0.5
600,324,0.5
600,474,0.5
600,225,0.5
600,4438,0.5
600,1397,0.5
600,431,0.5
600,1446,0.5
600,731,0.5
600,8414,0.5
609,1578,0.5
609,324,0.5
609,474,0.5
609,225,0.5
609,4438,0.5
609,1397,0.5
609,431,0.5
609,1446,0.5
609,731,0.5
609,8414,0.5
336,1578,0.5
336,324,0.5
336,474,0.5
336,225,0.5
336,4438,0.5
336,1397,0.5
336,431,0.5
336,1446,0.5
336,731,0.5
336,8414,0.5
277,1578,0.5
277,324,0.5
277,474,0.5
277,4438,0.5
277,1397,0.5
277,431,0.5
277,1446,0.5
277,731,0.5
277,8414,0.5
277,243,0.5
503,1578,0.5
503,324,0.5
503,474,0.5
503,225,0.5
503,4438,0.5
503,1397,0.5
503,431,0.5
503,1446,0.5
503,731,0.5
503,8414,0.5
107,1578,0.5
107,324,0.5
107,474,0.5
107,225,0.5
107,4438,0.5
107,1397,0.5
107,431,0.5
107,1446,0.5
107,731,0.5
107,8414,0.5
416,1578,0.5
416,324,0.5
416,474,0.5
416,4438,0.5
416,1397,0.5
416,431,0.5
416,1446,0.5
416,731,0.5
416,8414,0.5
416,243,0.5
650,1578,0.5
650,324,0.5
650,474,0.5
650,225,0.5
650,4438,0.5
650,1397,0.5
650,431,0.5
650,1446,0.5
650,731,0.5
650,8414,0.5
423,1578,0.5
423,324,0.5
423,225,0.5
423,4438,0.5
423,1397,0.5
423,431,0.5
423,1446,0.5
423,731,0.5
423,8414,0.5
423,243,0.5
318,1578,0.5
318,324,0.5
318,474,0.5
318,225,0.5
318,4438,0.5
318,1397,0.5
318,431,0.5
318,1446,0.5
318,731,0.5
318,8414,0.5
553,1578,0.5
553,324,0.5
553,474,0.5
553,225,0.5
553,4438,0.5
553,1397,0.5
553,431,0.5
553,1446,0.5
553,731,0.5
553,8414,0.5
325,1578,0.5
325,324,0.5
325,474,0.5
325,225,0.5
325,4438,0.5
325,1397,0.5
325,431,0.5
325,1446,0.5
325,731,0.5
325,8414,0.5
155,1578,0.5
155,324,0.5
155,474,0.5
155,225,0.5
155,4438,0.5
155,1397,0.5
155,431,0.5
155,1446,0.5
155,731,0.5
155,8414,0.5
418,1578,0.5
418,324,0.5
418,474,0.5
418,225,0.5
418,4438,0.5
418,1397,0.5
418,431,0.5
418,1446,0.5
418,731,0.5
418,8414,0.5
545,1578,0.5
545,324,0.5
545,474,0.5
545,4438,0.5
545,1397,0.5
545,431,0.5
545,1446,0.5
545,731,0.5
545,8414,0.5
545,243,0.5
632,1578,0.5
632,324,0.5
632,474,0.5
632,225,0.5
632,4438,0.5
632,1397,0.5
632,431,0.5
632,1446,0.5
632,731,0.5
632,8414,0.5
324,1578,0.5
324,324,0.5
324,474,0.5
324,225,0.5
324,4438,0.5
324,1397,0.5
324,431,0.5
324,1446,0.5
324,731,0.5
324,8414,0.5
333,1578,0.5
333,324,0.5
333,474,0.5
333,225,0.5
333,4438,0.5
333,1397,0.5
333,431,0.5
333,1446,0.5
333,731,0.5
333,8414,0.5
260,1578,0.5
260,324,0.5
260,474,0.5
260,225,0.5
260,4438,0.5
260,1397,0.5
260,431,0.5
260,1446,0.5
260,731,0.5
260,8414,0.5
356,1578,0.5
356,324,0.5
356,474,0.5
356,225,0.5
356,4438,0.5
356,1397,0.5
356,1446,0.5
356,731,0.5
356,8414,0.5
356,243,0.5
263,1578,0.5
263,324,0.5
263,474,0.5
263,225,0.5
263,4438,0.5
263,1397,0.5
263,431,0.5
263,1446,0.5
263,731,0.5
263,8414,0.5
81,1578,0.5
81,324,0.5
81,474,0.5
81,225,0.5
81,4438,0.5
81,1397,0.5
81,431,0.5
81,1446,0.5
81,731,0.5
81,8414,0.5
232,1578,0.5
232,324,0.5
232,474,0.5
232,225,0.5
232,4438,0.5
232,1397,0.5
232,431,0.5
232,1446,0.5
232,731,0.5
232,8414,0.5
109,1578,0.5
109,474,0.5
109,225,0.5
109,4438,0.5
109,1397,0.5
109,431,0.5
109,1446,0.5
109,731,0.5
109,8414,0.5
109,243,0.5
564,1578,0.5
564,324,0.5
564,474,0.5
564,225,0.5
564,4438,0.5
564,1397,0.5
564,431,0.5
564,1446,0.5
564,731,0.5
564,8414,0.5
502,1578,0.5
502,324,0.5
502,474,0.5
502,225,0.5
502,4438,0.5
502,1397,0.5
502,431,0.5
502,1446,0.5
502,731,0.5
502,8414,0.5
497,1578,0.5
497,324,0.5
497,474,0.5
497,225,0.5
497,4438,0.5
497,1397,0.5
497,431,0.5
497,1446,0.5
497,731,0.5
497,8414,0.5
130,1578,0.5
130,324,0.5
130,474,0.5
130,225,0.5
130,4438,0.5
130,1397,0.5
130,431,0.5
130,1446,0.5
130,731,0.5
130,8414,0.5
539,1578,0.5
539,324,0.5
539,225,0.5
539,4438,0.5
539,1397,0.5
539,431,0.5
539,1446,0.5
539,731,0.5
539,8414,0.5
539,243,0.5
89,1578,0.5
89,324,0.5
89,474,0.5
89,225,0.5
89,4438,0.5
89,1397,0.5
89,431,0.5
89,1446,0.5
89,731,0.5
89,8414,0.5
299,1578,0.5
299,324,0.5
299,474,0.5
299,225,0.5
299,4438,0.5
299,1397,0.5
299,431,0.5
299,1446,0.5
299,731,0.5
299,8414,0.5
566,1578,0.5
566,324,0.5
566,474,0.5
566,225,0.5
566,4438,0.5
566,1397,0.5
566,431,0.5
566,1446,0.5
566,731,0.5
566,8414,0.5
330,1578,0.5
330,324,0.5
330,474,0.5
330,225,0.5
330,4438,0.5
330,1397,0.5
330,431,0.5
330,1446,0.5
330,731,0.5
330,8414,0.5
37,1578,0.5
37,324,0.5
37,225,0.5
37,4438,0.5
37,1397,0.5
37,431,0.5
37,1446,0.5
37,731,0.5
37,8414,0.5
37,243,0.5
420,1578,0.5
420,324,0.5
420,474,0.5
420,225,0.5
420,4438,0.5
420,1397,0.5
420,431,0.5
420,1446,0.5
420,731,0.5
420,8414,0.5
476,1578,0.5
476,324,0.5
476,474,0.5
476,225,0.5
476,4438,0.5
476,1397,0.5
476,431,0.5
476,1446,0.5
476,731,0.5
476,8414,0.5
79,1578,0.5
79,324,0.5
79,474,0.5
79,225,0.5
79,4438,0.5
79,1397,0.5
79,1446,0.5
79,731,0.5
79,8414,0.5
79,243,0.5
90,1578,0.5
90,324,0.5
90,474,0.5
90,225,0.5
90,4438,0.5
90,1397,0.5
90,431,0.5
90,1446,0.5
90,731,0.5
90,8414,0.5
53,1578,0.5
53,324,0.5
53,474,0.5
53,225,0.5
53,4438,0.5
53,1397,0.5
53,431,0.5
53,1446,0.5
53,731,0.5
53,8414,0.5
258,1578,0.5
258,324,0.5
258,474,0.5
258,225,0.5
258,4438,0.5
258,1397,0.5
258,431,0.5
258,1446,0.5
258,731,0.5
258,8414,0.5
121,1578,0.5
121,324,0.5
121,474,0.5
121,225,0.5
121,4438,0.5
121,1397,0.5
121,431,0.5
121,1446,0.5
121,731,0.5
121,8414,0.5
359,1578,0.5
359,324,0.5
359,474,0.5
359,225,0.5
359,4438,0.5
359,1397,0.5
359,431,0.5
359,1446,0.5
359,731,0.5
359,8414,0.5
59,1578,0.5
59,324,0.5
59,474,0.5
59,225,0.5
59,4438,0.5
59,1397,0.5
59,1446,0.5
59,731,0.5
59,8414,0.5
59,243,0.5
444,1578,0.5
444,324,0.5
444,474,0.5
444,225,0.5
444,4438,0.5
444,1397,0.5
444,431,0.5
444,1446,0.5
444,731,0.5
444,8414,0.5
136,1578,0.5
136,324,0.5
136,474,0.5
136,225,0.5
136,4438,0.5
136,1397,0.5
136,431,0.5
136,1446,0.5
136,731,0.5
136,8414,0.5
131,1578,0.5
131,324,0.5
131,474,0.5
131,225,0.5
131,4438,0.5
131,1397,0.5
131,431,0.5
131,1446,0.5
131,731,0.5
131,8414,0.5
191,1578,0.5
191,324,0.5
191,474,0.5
191,225,0.5
191,4438,0.5
191,1397,0.5
191,431,0.5
191,1446,0.5
191,731,0.5
191,8414,0.5
565,1578,0.5
565,324,0.5
565,474,0.5
565,225,0.5
565,4438,0.5
565,1397,0.5
565,431,0.5
565,1446,0.5
565,731,0.5
565,8414,0.5
15,1578,0.5
15,324,0.5
15,474,0.5
15,4438,0.5
15,1397,0.5
15,431,0.5
15,1446,0.5
15,731,0.5
15,8414,0.5
15,243,0.5
320,1578,0.5
320,324,0.5
320,474,0.5
320,225,0.5
320,4438,0.5
320,1397,0.5
320,431,0.5
320,1446,0.5
320,731,0.5
320,8414,0.5
115,1578,0.5
115,324,0.5
115,474,0.5
115,225,0.5
115,4438,0.5
115,1397,0.5
115,431,0.5
115,1446,0.5
115,731,0.5
115,8414,0.5
525,1578,0.5
525,324,0.5
525,225,0.5
525,4438,0.5
525,1397,0.5
525,431,0.5
525,1446,0.5
525,731,0.5
525,8414,0.5
525,243,0.5
266,1578,0.5
266,324,0.5
266,225,0.5
266,4438,0.5
266,1397,0.5
266,431,0.5
266,1446,0.5
266,731,0.5
266,8414,0.5
266,243,0.5
313,1578,0.5
313,324,0.5
313,474,0.5
313,225,0.5
313,4438,0.5
313,1397,0.5
313,431,0.5
313,1446,0.5
313,731,0.5
313,8414,0.5
230,1578,0.5
230,324,0.5
230,474,0.5
230,225,0.5
230,4438,0.5
230,1397,0.5
230,431,0.5
230,1446,0.5
230,731,0.5
230,8414,0.5
331,1578,0.5
331,324,0.5
331,474,0.5
331,225,0.5
331,4438,0.5
331,1397,0.5
331,431,0.5
331,1446,0.5
331,731,0.5
331,8414,0.5
280,1578,0.5
280,474,0.5
280,225,0.5
280,4438,0.5
280,1397,0.5
280,431,0.5
280,1446,0.5
280,8414,0.5
280,1967,0.5
280,787,0.5
588,1578,0.5
588,324,0.5
588,474,0.5
588,225,0.5
588,4438,0.5
588,1397,0.5
588,431,0.5
588,1446,0.5
588,731,0.5
588,8414,0.5
567,1578,0.5
567,324,0.5
567,474,0.5
567,225,0.5
567,4438,0.5
567,1397,0.5
567,431,0.5
567,1446,0.5
567,731,0.5
567,8414,0.5
1,1578,0.5
1,324,0.5
1,474,0.5
1,225,0.5
1,4438,0.5
1,1397,0.5
1,431,0.5
1,1446,0.5
1,731,0.5
1,8414,0.5
226,1578,0.5
226,324,0.5
226,474,0.5
226,225,0.5
226,4438,0.5
226,1397,0.5
226,431,0.5
226,1446,0.5
226,731,0.5
226,8414,0.5
669,1578,0.5
669,324,0.5
669,474,0.5
669,225,0.5
669,4438,0.5
669,1397,0.5
669,431,0.5
669,1446,0.5
669,731,0.5
669,8414,0.5
374,1578,0.5
374,324,0.5
374,474,0.5
374,225,0.5
374,4438,0.5
374,1397,0.5
374,431,0.5
374,1446,0.5
374,731,0.5
374,8414,0.5
603,1578,0.5
603,324,0.5
603,474,0.5
603,225,0.5
603,4438,0.5
603,1397,0.5
603,431,0.5
603,1446,0.5
603,731,0.5
603,8414,0.5
114,1578,0.5
114,324,0.5
114,474,0.5
114,225,0.5
114,4438,0.5
114,1397,0.5
114,431,0.5
114,1446,0.5
114,731,0.5
114,8414,0.5
207,1578,0.5
207,324,0.5
207,474,0.5
207,225,0.5
207,4438,0.5
207,1397,0.5
207,431,0.5
207,1446,0.5
207,731,0.5
207,8414,0.5
52,1578,0.5
52,324,0.5
52,474,0.5
52,225,0.5
52,4438,0.5
52,1397,0.5
52,431,0.5
52,1446,0.5
52,731,0.5
52,8414,0.5
461,1578,0.5
461,474,0.5
461,225,0.5
461,4438,0.5
461,1397,0.5
461,431,0.5
461,1446,0.5
461,731,0.5
461,8414,0.5
461,243,0.5
17,1578,0.5
17,324,0.5
17,474,0.5
17,225,0.5
17,4438,0.5
17,1397,0.5
17,431,0.5
17,1446,0.5
17,731,0.5
17,8414,0.5
582,1578,0.5
582,324,0.5
582,474,0.5
582,225,0.5
582,4438,0.5
582,1397,0.5
582,431,0.5
582,1446,0.5
582,731,0.5
582,8414,0.5
309,1578,0.5
309,324,0.5
309,474,0.5
309,225,0.5
309,4438,0.5
309,1397,0.5
309,431,0.5
309,1446,0.5
309,731,0.5
309,8414,0.5
442,1578,0.5
442,324,0.5
442,474,0.5
442,225,0.5
442,4438,0.5
442,1397,0.5
442,431,0.5
442,1446,0.5
442,731,0.5
442,8414,0.5
113,1578,0.5
113,324,0.5
113,474,0.5
113,225,0.5
113,4438,0.5
113,1397,0.5
113,431,0.5
113,1446,0.5
113,731,0.5
113,8414,0.5
271,1578,0.5
271,324,0.5
271,474,0.5
271,225,0.5
271,4438,0.5
271,1397,0.5
271,431,0.5
271,1446,0.5
271,731,0.5
271,8414,0.5
220,1578,0.5
220,324,0.5
220,474,0.5
220,225,0.5
220,4438,0.5
220,1397,0.5
220,431,0.5
220,1446,0.5
220,731,0.5
220,8414,0.5
498,1578,0.5
498,324,0.5
498,474,0.5
498,225,0.5
498,4438,0.5
498,1397,0.5
498,431,0.5
498,1446,0.5
498,731,0.5
498,8414,0.5
639,1578,0.5
639,324,0.5
639,474,0.5
639,225,0.5
639,4438,0.5
639,1397,0.5
639,431,0.5
639,1446,0.5
639,731,0.5
639,8414,0.5
273,1578,0.5
273,324,0.5
273,474,0.5
273,225,0.5
273,4438,0.5
273,1397,0.5
273,431,0.5
273,1446,0.5
273,731,0.5
273,8414,0.5
134,1578,0.5
134,324,0.5
134,474,0.5
134,225,0.5
134,4438,0.5
134,1397,0.5
134,431,0.5
134,1446,0.5
134,731,0.5
134,8414,0.5
321,1578,0.5
321,324,0.5
321,474,0.5
321,225,0.5
321,4438,0.5
321,1397,0.5
321,431,0.5
321,1446,0.5
321,731,0.5
321,8414,0.5
143,1578,0.5
143,324,0.5
143,474,0.5
143,225,0.5
143,4438,0.5
143,1397,0.5
143,431,0.5
143,1446,0.5
143,731,0.5
143,8414,0.5
578,1578,0.5
578,324,0.5
578,225,0.5
578,4438,0.5
578,1397,0.5
578,431,0.5
578,1446,0.5
578,731,0.5
578,8414,0.5
578,243,0.5
75,1578,0.5
75,324,0.5
75,474,0.5
75,225,0.5
75,4438,0.5
75,1397,0.5
75,431,0.5
75,1446,0.5
75,731,0.5
75,8414,0.5
538,1578,0.5
538,324,0.5
538,474,0.5
538,225,0.5
538,4438,0.5
538,1397,0.5
538,431,0.5
538,1446,0.5
538,731,0.5
538,8414,0.5
105,1578,0.5
105,324,0.5
105,474,0.5
105,225,0.5
105,4438,0.5
105,1397,0.5
105,431,0.5
105,1446,0.5
105,731,0.5
105,8414,0.5
54,1578,0.5
54,324,0.5
54,474,0.5
54,225,0.5
54,4438,0.5
54,1397,0.5
54,431,0.5
54,1446,0.5
54,731,0.5
54,8414,0.5
161,1578,0.5
161,324,0.5
161,474,0.5
161,225,0.5
161,4438,0.5
161,1397,0.5
161,431,0.5
161,1446,0.5
161,731,0.5
161,8414,0.5
367,1578,0.5
367,324,0.5
367,474,0.5
367,225,0.5
367,4438,0.5
367,1397,0.5
367,431,0.5
367,1446,0.5
367,731,0.5
367,8414,0.5
458,1578,0.5
458,324,0.5
458,474,0.5
458,225,0.5
458,4438,0.5
458,1397,0.5
458,431,0.5
458,1446,0.5
458,731,0.5
458,8414,0.5
103,1578,0.5
103,324,0.5
103,474,0.5
103,225,0.5
103,4438,0.5
103,1397,0.5
103,431,0.5
103,1446,0.5
103,731,0.5
103,8414,0.5
257,1578,0.5
257,324,0.5
257,474,0.5
257,225,0.5
257,4438,0.5
257,1397,0.5
257,431,0.5
257,1446,0.5
257,731,0.5
257,8414,0.5
8,1578,0.5
8,324,0.5
8,474,0.5
8,225,0.5
8,4438,0.5
8,1397,0.5
8,431,0.5
8,1446,0.5
8,731,0.5
8,8414,0.5
507,1578,0.5
507,324,0.5
507,474,0.5
507,225,0.5
507,4438,0.5
507,1397,0.5
507,431,0.5
507,1446,0.5
507,731,0.5
507,8414,0.5
224,1578,0.5
224,324,0.5
224,474,0.5
224,225,0.5
224,4438,0.5
224,1397,0.5
224,431,0.5
224,1446,0.5
224,731,0.5
224,8414,0.5
402,1578,0.5
402,324,0.5
402,474,0.5
402,225,0.5
402,4438,0.5
402,1397,0.5
402,431,0.5
402,1446,0.5
402,731,0.5
402,8414,0.5
633,1578,0.5
633,324,0.5
633,474,0.5
633,225,0.5
633,4438,0.5
633,1397,0.5
633,431,0.5
633,1446,0.5
633,731,0.5
633,8414,0.5
112,1578,0.5
112,324,0.5
112,474,0.5
112,225,0.5
112,4438,0.5
112,1397,0.5
112,431,0.5
112,1446,0.5
112,731,0.5
112,8414,0.5
172,1578,0.5
172,324,0.5
172,474,0.5
172,225,0.5
172,4438,0.5
172,1397,0.5
172,1446,0.5
172,731,0.5
172,8414,0.5
172,243,0.5
414,1578,0.5
414,324,0.5
414,474,0.5
414,225,0.5
414,4438,0.5
414,1397,0.5
414,431,0.5
414,1446,0.5
414,731,0.5
414,8414,0.5
662,1578,0.5
662,324,0.5
662,474,0.5
662,225,0.5
662,4438,0.5
662,1397,0.5
662,431,0.5
662,1446,0.5
662,731,0.5
662,8414,0.5
580,1578,0.5
580,324,0.5
580,474,0.5
580,225,0.5
580,4438,0.5
580,1397,0.5
580,431,0.5
580,1446,0.5
580,731,0.5
580,8414,0.5
649,1578,0.5
649,324,0.5
649,474,0.5
649,225,0.5
649,4438,0.5
649,1397,0.5
649,431,0.5
649,1446,0.5
649,731,0.5
649,8414,0.5
484,1578,0.5
484,324,0.5
484,474,0.5
484,225,0.5
484,4438,0.5
484,1397,0.5
484,431,0.5
484,1446,0.5
484,731,0.5
484,8414,0.5
642,1578,0.5
642,324,0.5
642,474,0.5
642,225,0.5
642,4438,0.5
642,1397,0.5
642,431,0.5
642,1446,0.5
642,731,0.5
642,8414,0.5
667,1578,0.5
667,324,0.5
667,474,0.5
667,225,0.5
667,4438,0.5
667,1397,0.5
667,431,0.5
667,1446,0.5
667,731,0.5
667,8414,0.5
70,1578,0.5
70,324,0.5
70,474,0.5
70,225,0.5
70,4438,0.5
70,1397,0.5
70,431,0.5
70,1446,0.5
70,731,0.5
70,8414,0.5
590,1578,0.5
590,324,0.5
590,474,0.5
590,225,0.5
590,4438,0.5
590,1397,0.5
590,431,0.5
590,1446,0.5
590,731,0.5
590,8414,0.5
660,1578,0.5
660,324,0.5
660,474,0.5
660,225,0.5
660,4438,0.5
660,1397,0.5
660,431,0.5
660,1446,0.5
660,731,0.5
660,8414,0.5
86,1578,0.5
86,324,0.5
86,474,0.5
86,225,0.5
86,4438,0.5
86,1397,0.5
86,431,0.5
86,1446,0.5
86,731,0.5
86,8414,0.5
355,1578,0.5
355,324,0.5
355,474,0.5
355,225,0.5
355,4438,0.5
355,1397,0.5
355,431,0.5
355,1446,0.5
355,731,0.5
355,8414,0.5
208,1578,0.5
208,324,0.5
208,474,0.5
208,225,0.5
208,4438,0.5
208,1397,0.5
208,431,0.5
208,1446,0.5
208,731,0.5
208,8414,0.5
644,1578,0.5
644,324,0.5
644,474,0.5
644,225,0.5
644,4438,0.5
644,1397,0.5
644,431,0.5
644,1446,0.5
644,731,0.5
644,8414,0.5
171,1578,0.5
171,324,0.5
171,474,0.5
171,225,0.5
171,4438,0.5
171,1397,0.5
171,431,0.5
171,1446,0.5
171,731,0.5
171,8414,0.5
490,1578,0.5
490,324,0.5
490,474,0.5
490,225,0.5
490,4438,0.5
490,1397,0.5
490,431,0.5
490,1446,0.5
490,731,0.5
490,8414,0.5
57,1578,0.5
57,324,0.5
57,474,0.5
57,225,0.5
57,4438,0.5
57,1397,0.5
57,431,0.5
57,1446,0.5
57,731,0.5
57,8414,0.5
448,1578,0.5
448,324,0.5
448,474,0.5
448,225,0.5
448,4438,0.5
448,1397,0.5
448,431,0.5
448,1446,0.5
448,731,0.5
448,8414,0.5
157,1578,0.5
157,324,0.5
157,474,0.5
157,225,0.5
157,4438,0.5
157,1397,0.5
157,431,0.5
157,1446,0.5
157,731,0.5
157,8414,0.5
128,1578,0.5
128,324,0.5
128,474,0.5
128,225,0.5
128,4438,0.5
128,1397,0.5
128,431,0.5
128,1446,0.5
128,731,0.5
128,8414,0.5
520,1578,0.5
520,324,0.5
520,225,0.5
520,4438,0.5
520,1397,0.5
520,431,0.5
520,1446,0.5
520,731,0.5
520,8414,0.5
520,243,0.5
43,1578,0.5
43,324,0.5
43,474,0.5
43,225,0.5
43,4438,0.5
43,1397,0.5
43,431,0.5
43,1446,0.5
43,731,0.5
43,8414,0.5
259,1578,0.5
259,324,0.5
259,474,0.5
259,4438,0.5
259,1397,0.5
259,431,0.5
259,1446,0.5
259,731,0.5
259,8414,0.5
259,243,0.5
443,1578,0.5
443,324,0.5
443,474,0.5
443,225,0.5
443,4438,0.5
443,1397,0.5
443,431,0.5
443,1446,0.5
443,731,0.5
443,8414,0.5
0,1578,0.5
0,324,0.5
0,474,0.5
0,225,0.5
0,4438,0.5
0,1397,0.5
0,431,0.5
0,1446,0.5
0,731,0.5
0,8414,0.5
279,1578,0.5
279,324,0.5
279,474,0.5
279,225,0.5
279,4438,0.5
279,1397,0.5
279,431,0.5
279,1446,0.5
279,731,0.5
279,8414,0.5
166,1578,0.5
166,324,0.5
166,474,0.5
166,225,0.5
166,4438,0.5
166,1397,0.5
166,431,0.5
166,1446,0.5
166,731,0.5
166,8414,0.5
373,1578,0.5
373,324,0.5
373,474,0.5
373,225,0.5
373,4438,0.5
373,1397,0.5
373,431,0.5
373,1446,0.5
373,731,0.5
373,8414,0.5
656,1578,0.5
656,324,0.5
656,474,0.5
656,225,0.5
656,4438,0.5
656,1397,0.5
656,431,0.5
656,1446,0.5
656,731,0.5
656,8414,0.5
363,324,0.5
363,474,0.5
363,225,0.5
363,4438,0.5
363,1397,0.5
363,431,0.5
363,1446,0.5
363,731,0.5
363,8414,0.5
363,243,0.5
483,1578,0.5
483,324,0.5
483,474,0.5
483,225,0.5
483,4438,0.5
483,1397,0.5
483,431,0.5
483,1446,0.5
483,731,0.5
483,8414,0.5
577,1578,0.5
577,324,0.5
577,474,0.5
577,225,0.5
577,4438,0.5
577,1397,0.5
577,431,0.5
577,1446,0.5
577,731,0.5
577,8414,0.5
202,1578,0.5
202,324,0.5
202,225,0.5
202,4438,0.5
202,1397,0.5
202,431,0.5
202,1446,0.5
202,731,0.5
202,8414,0.5
202,243,0.5
348,1578,0.5
348,324,0.5
348,474,0.5
348,225,0.5
348,4438,0.5
348,1397,0.5
348,431,0.5
348,1446,0.5
348,731,0.5
348,8414,0.5
180,1578,0.5
180,324,0.5
180,474,0.5
180,225,0.5
180,4438,0.5
180,1397,0.5
180,431,0.5
180,1446,0.5
180,731,0.5
180,8414,0.5
28,1578,0.5
28,324,0.5
28,474,0.5
28,225,0.5
28,4438,0.5
28,1397,0.5
28,431,0.5
28,1446,0.5
28,731,0.5
28,8414,0.5
412,1578,0.5
412,324,0.5
412,474,0.5
412,225,0.5
412,4438,0.5
412,1397,0.5
412,431,0.5
412,1446,0.5
412,731,0.5
412,8414,0.5
288,1578,0.5
288,324,0.5
288,474,0.5
288,225,0.5
288,4438,0.5
288,1397,0.5
288,431,0.5
288,1446,0.5
288,731,0.5
288,8414,0.5
