178,324,1.0
178,474,1.0
178,225,1.0
178,4438,1.0
178,431,1.0
178,1446,1.0
178,731,1.0
178,8414,1.0
178,243,1.0
178,1967,1.0
261,1578,1.0
261,324,1.0
261,474,1.0
261,225,1.0
261,4438,1.0
261,1397,1.0
261,431,1.0
261,1446,1.0
261,731,1.0
261,8414,1.0
560,1578,1.0
560,324,1.0
560,474,1.0
560,225,1.0
560,4438,1.0
560,431,1.0
560,1446,1.0
560,731,1.0
560,8414,1.0
560,243,1.0
323,1578,1.0
323,324,1.0
323,4438,1.0
323,1397,1.0
323,431,1.0
323,1446,1.0
323,731,1.0
323,8414,1.0
323,243,1.0
323,1967,1.0
471,1578,1.0
471,324,1.0
471,474,1.0
471,225,1.0
471,1397,1.0
471,431,1.0
471,1446,1.0
471,731,1.0
471,8414,1.0
471,243,1.0
518,1578,1.0
518,324,1.0
518,474,1.0
518,225,1.0
518,4438,1.0
518,431,1.0
518,1446,1.0
518,731,1.0
518,8414,1.0
518,243,1.0
529,1578,1.0
529,324,1.0
529,474,1.0
529,225,1.0
529,4438,1.0
529,1397,1.0
529,1446,1.0
529,731,1.0
529,8414,1.0
529,243,1.0
14,1578,1.0
14,324,1.0
14,474,1.0
14,225,1.0
14,4438,1.0
14,431,1.0
14,1446,1.0
14,8414,1.0
14,243,1.0
14,1967,1.0
594,1578,1.0
594,324,1.0
594,474,1.0
594,225,1.0
594,4438,1.0
594,1397,1.0
594,431,1.0
594,1446,1.0
594,8414,1.0
594,1967,1.0
563,1578,1.0
563,474,1.0
563,225,1.0
563,4438,1.0
563,1397,1.0
563,1446,1.0
563,731,1.0
563,8414,1.0
563,1967,1.0
563,197,1.0
286,1578,1.0
286,324,1.0
286,474,1.0
286,225,1.0
286,4438,1.0
286,1397,1.0
286,431,1.0
286,1446,1.0
286,731,1.0
286,8414,1.0
196,1578,1.0
196,324,1.0
196,474,1.0
196,225,1.0
196,4438,1.0
196,1397,1.0
196,431,1.0
196,1446,1.0
196,731,1.0
196,8414,1.0
447,1578,1.0
447,324,1.0
447,474,1.0
447,225,1.0
447,4438,1.0
447,1397,1.0
447,431,1.0
447,1446,1.0
447,731,1.0
447,8414,1.0
607,1578,1.0
607,324,1.0
607,474,1.0
607,225,1.0
607,4438,1.0
607,1397,1.0
607,431,1.0
607,1446,1.0
607,731,1.0
607,8414,1.0
32,1578,1.0
32,324,1.0
32,474,1.0
32,225,1.0
32,4438,1.0
32,1397,1.0
32,431,1.0
32,1446,1.0
32,731,1.0
32,8414,1.0
478,1578,1.0
478,324,1.0
478,225,1.0
478,4438,1.0
478,1397,1.0
478,431,1.0
478,1446,1.0
478,731,1.0
478,8414,1.0
478,243,1.0
467,1578,1.0
467,324,1.0
467,474,1.0
467,225,1.0
467,4438,1.0
467,1397,1.0
467,431,1.0
467,1446,1.0
467,8414,1.0
467,1967,1.0
293,1578,1.0
293,324,1.0
293,474,1.0
293,225,1.0
293,4438,1.0
293,1446,1.0
293,8414,1.0
293,1967,1.0
293,197,1.0
293,787,1.0
4,1578,1.0
4,474,1.0
4,4438,1.0
4,1397,1.0
4,431,1.0
4,1446,1.0
4,731,1.0
4,8414,1.0
4,243,1.0
4,1967,1.0
653,1578,1.0
653,225,1.0
653,4438,1.0
653,1397,1.0
653,431,1.0
653,1446,1.0
653,731,1.0
653,8414,1.0
653,243,1.0
653,1967,1.0
429,1578,1.0
429,4438,1.0
429,1397,1.0
429,1446,1.0
429,731,1.0
429,8414,1.0
429,243,1.0
429,1967,1.0
429,787,1.0
429,2655,1.0
480,1578,1.0
480,324,1.0
480,225,1.0
480,4438,1.0
480,1397,1.0
480,431,1.0
480,1446,1.0
480,8414,1.0
480,243,1.0
480,1967,1.0
631,1578,1.0
631,324,1.0
631,474,1.0
631,225,1.0
631,4438,1.0
631,1397,1.0
631,431,1.0
631,1446,1.0
631,731,1.0
631,8414,1.0
425,1578,1.0
425,324,1.0
425,474,1.0
425,4438,1.0
425,1397,1.0
425,431,1.0
425,1446,1.0
425,731,1.0
425,8414,1.0
425,243,1.0
460,1578,1.0
460,225,1.0
460,4438,1.0
460,1397,1.0
460,1446,1.0
460,8414,1.0
460,243,1.0
460,1967,1.0
460,197,1.0
460,2655,1.0
559,1578,1.0
559,474,1.0
559,225,1.0
559,4438,1.0
559,1397,1.0
559,431,1.0
559,1446,1.0
559,731,1.0
559,8414,1.0
559,243,1.0
462,1578,1.0
462,324,1.0
462,225,1.0
462,4438,1.0
462,1397,1.0
462,431,1.0
462,1446,1.0
462,731,1.0
462,8414,1.0
462,243,1.0
474,1578,1.0
474,324,1.0
474,474,1.0
474,225,1.0
474,4438,1.0
474,1397,1.0
474,431,1.0
474,1446,1.0
474,731,1.0
474,8414,1.0
269,1578,1.0
269,324,1.0
269,225,1.0
269,4438,1.0
269,1397,1.0
269,431,1.0
269,1446,1.0
269,731,1.0
269,8414,1.0
269,243,1.0
198,324,1.0
198,225,1.0
198,4438,1.0
198,1397,1.0
198,431,1.0
198,1446,1.0
198,731,1.0
198,8414,1.0
198,243,1.0
198,1967,1.0
69,1578,1.0
69,324,1.0
69,474,1.0
69,225,1.0
69,4438,1.0
69,1397,1.0
69,1446,1.0
69,731,1.0
69,8414,1.0
69,243,1.0
370,324,1.0
370,474,1.0
370,225,1.0
370,4438,1.0
370,1397,1.0
370,431,1.0
370,1446,1.0
370,731,1.0
370,8414,1.0
370,243,1.0
623,1578,1.0
623,324,1.0
623,225,1.0
623,4438,1.0
623,1397,1.0
623,431,1.0
623,731,1.0
623,8414,1.0
623,243,1.0
623,1967,1.0
129,1578,1.0
129,324,1.0
129,4438,1.0
129,1397,1.0
129,1446,1.0
129,8414,1.0
129,243,1.0
129,1967,1.0
129,197,1.0
129,2655,1.0
574,1578,1.0
574,324,1.0
574,474,1.0
574,4438,1.0
574,1397,1.0
574,431,1.0
574,1446,1.0
574,8414,1.0
574,1967,1.0
574,197,1.0
16,1578,1.0
16,324,1.0
16,225,1.0
16,4438,1.0
16,1397,1.0
16,431,1.0
16,1446,1.0
16,731,1.0
16,8414,1.0
16,243,1.0
387,1578,1.0
387,324,1.0
387,4438,1.0
387,1397,1.0
387,431,1.0
387,1446,1.0
387,731,1.0
387,8414,1.0
387,243,1.0
387,1967,1.0
372,1578,1.0
372,324,1.0
372,474,1.0
372,4438,1.0
372,1397,1.0
372,431,1.0
372,1446,1.0
372,731,1.0
372,8414,1.0
372,243,1.0
543,1578,1.0
543,324,1.0
543,225,1.0
543,4438,1.0
543,1397,1.0
543,431,1.0
543,1446,1.0
543,731,1.0
543,8414,1.0
543,243,1.0
100,1578,1.0
100,324,1.0
100,474,1.0
100,225,1.0
100,4438,1.0
100,1397,1.0
100,431,1.0
100,1446,1.0
100,731,1.0
100,8414,1.0
160,1578,1.0
160,324,1.0
160,474,1.0
160,225,1.0
160,4438,1.0
160,1397,1.0
160,431,1.0
160,1446,1.0
160,731,1.0
160,8414,1.0
652,1578,1.0
652,324,1.0
652,474,1.0
652,225,1.0
652,4438,1.0
652,1397,1.0
652,431,1.0
652,1446,1.0
652,731,1.0
652,8414,1.0
546,1578,1.0
546,225,1.0
546,4438,1.0
546,1397,1.0
546,431,1.0
546,1446,1.0
546,8414,1.0
546,1967,1.0
546,197,1.0
546,787,1.0
526,1578,1.0
526,324,1.0
526,474,1.0
526,225,1.0
526,4438,1.0
526,1397,1.0
526,431,1.0
526,1446,1.0
526,731,1.0
526,8414,1.0
262,1578,1.0
262,474,1.0
262,225,1.0
262,4438,1.0
262,1397,1.0
262,431,1.0
262,1446,1.0
262,731,1.0
262,8414,1.0
262,243,1.0
611,1578,1.0
611,324,1.0
611,474,1.0
611,225,1.0
611,4438,1.0
611,1397,1.0
611,431,1.0
611,1446,1.0
611,731,1.0
611,8414,1.0
145,1578,1.0
145,324,1.0
145,474,1.0
145,225,1.0
145,4438,1.0
145,1397,1.0
145,431,1.0
145,1446,1.0
145,731,1.0
145,8414,1.0
624,1578,1.0
624,324,1.0
624,474,1.0
624,225,1.0
624,4438,1.0
624,1397,1.0
624,431,1.0
624,1446,1.0
624,731,1.0
624,8414,1.0
20,1578,1.0
20,324,1.0
20,474,1.0
20,225,1.0
20,4438,1.0
20,1397,1.0
20,431,1.0
20,1446,1.0
20,731,1.0
20,8414,1.0
102,1578,1.0
102,324,1.0
102,225,1.0
102,4438,1.0
102,1397,1.0
102,431,1.0
102,1446,1.0
102,731,1.0
102,8414,1.0
102,243,1.0
60,1578,1.0
60,324,1.0
60,474,1.0
60,225,1.0
60,4438,1.0
60,431,1.0
60,1446,1.0
60,731,1.0
60,8414,1.0
60,243,1.0
579,1578,1.0
579,324,1.0
579,474,1.0
579,225,1.0
579,4438,1.0
579,1397,1.0
579,431,1.0
579,1446,1.0
579,8414,1.0
579,1967,1.0
47,1578,1.0
47,324,1.0
47,225,1.0
47,4438,1.0
47,1397,1.0
47,431,1.0
47,1446,1.0
47,731,1.0
47,8414,1.0
47,243,1.0
101,1578,1.0
101,324,1.0
101,474,1.0
101,4438,1.0
101,1397,1.0
101,1446,1.0
101,731,1.0
101,8414,1.0
101,1967,1.0
101,197,1.0
451,1578,1.0
451,324,1.0
451,4438,1.0
451,1397,1.0
451,431,1.0
451,1446,1.0
451,731,1.0
451,8414,1.0
451,243,1.0
451,1967,1.0
532,1578,1.0
532,324,1.0
532,474,1.0
532,4438,1.0
532,1397,1.0
532,431,1.0
532,1446,1.0
532,731,1.0
532,8414,1.0
532,243,1.0
573,1578,1.0
573,324,1.0
573,225,1.0
573,4438,1.0
573,1397,1.0
573,431,1.0
573,1446,1.0
573,731,1.0
573,8414,1.0
573,243,1.0
383,1578,1.0
383,324,1.0
383,225,1.0
383,4438,1.0
383,431,1.0
383,1446,1.0
383,731,1.0
383,8414,1.0
383,243,1.0
383,1967,1.0
605,1578,1.0
605,324,1.0
605,474,1.0
605,225,1.0
605,4438,1.0
605,1397,1.0
605,431,1.0
605,1446,1.0
605,731,1.0
605,8414,1.0
581,1578,1.0
581,324,1.0
581,474,1.0
581,225,1.0
581,4438,1.0
581,1397,1.0
581,431,1.0
581,1446,1.0
581,8414,1.0
581,1967,1.0
159,1578,1.0
159,324,1.0
159,474,1.0
159,4438,1.0
159,1397,1.0
159,431,1.0
159,1446,1.0
159,731,1.0
159,8414,1.0
159,243,1.0
22,1578,1.0
22,324,1.0
22,474,1.0
22,4438,1.0
22,1397,1.0
22,1446,1.0
22,8414,1.0
22,243,1.0
22,1967,1.0
22,2655,1.0
132,1578,1.0
132,324,1.0
132,474,1.0
132,225,1.0
132,4438,1.0
132,1397,1.0
132,431,1.0
132,1446,1.0
132,731,1.0
132,8414,1.0
385,1578,1.0
385,324,1.0
385,474,1.0
385,225,1.0
385,4438,1.0
385,1397,1.0
385,431,1.0
385,1446,1.0
385,731,1.0
385,8414,1.0
615,1578,1.0
615,324,1.0
615,474,1.0
615,225,1.0
615,4438,1.0
615,1397,1.0
615,431,1.0
615,1446,1.0
615,731,1.0
615,8414,1.0
11,1578,1.0
11,324,1.0
11,474,1.0
11,225,1.0
11,4438,1.0
11,1397,1.0
11,431,1.0
11,1446,1.0
11,731,1.0
11,8414,1.0
499,1578,1.0
499,324,1.0
499,474,1.0
499,225,1.0
499,4438,1.0
499,1397,1.0
499,431,1.0
499,1446,1.0
499,731,1.0
499,8414,1.0
62,1578,1.0
62,324,1.0
62,474,1.0
62,4438,1.0
62,1397,1.0
62,431,1.0
62,1446,1.0
62,731,1.0
62,8414,1.0
62,243,1.0
604,1578,1.0
604,324,1.0
604,474,1.0
604,225,1.0
604,4438,1.0
604,1397,1.0
604,1446,1.0
604,731,1.0
604,8414,1.0
604,243,1.0
119,1578,1.0
119,324,1.0
119,4438,1.0
119,1397,1.0
119,431,1.0
119,1446,1.0
119,731,1.0
119,8414,1.0
119,243,1.0
119,1967,1.0
213,1578,1.0
213,324,1.0
213,474,1.0
213,4438,1.0
213,1397,1.0
213,431,1.0
213,1446,1.0
213,731,1.0
213,8414,1.0
213,243,1.0
219,1578,1.0
219,324,1.0
219,474,1.0
219,4438,1.0
219,1397,1.0
219,431,1.0
219,1446,1.0
219,731,1.0
219,8414,1.0
219,243,1.0
379,1578,1.0
379,324,1.0
379,4438,1.0
379,431,1.0
379,1446,1.0
379,731,1.0
379,8414,1.0
379,243,1.0
379,1967,1.0
379,197,1.0
407,1578,1.0
407,324,1.0
407,474,1.0
407,225,1.0
407,4438,1.0
407,1397,1.0
407,431,1.0
407,1446,1.0
407,731,1.0
407,8414,1.0
255,1578,1.0
255,324,1.0
255,474,1.0
255,225,1.0
255,4438,1.0
255,1397,1.0
255,431,1.0
255,1446,1.0
255,731,1.0
255,8414,1.0
456,1578,1.0
456,324,1.0
456,474,1.0
456,225,1.0
456,4438,1.0
456,1397,1.0
456,431,1.0
456,1446,1.0
456,731,1.0
456,8414,1.0
194,1578,1.0
194,324,1.0
194,474,1.0
194,4438,1.0
194,1397,1.0
194,431,1.0
194,1446,1.0
194,731,1.0
194,8414,1.0
194,243,1.0
508,1578,1.0
508,324,1.0
508,4438,1.0
508,1397,1.0
508,1446,1.0
508,731,1.0
508,8414,1.0
508,243,1.0
508,1967,1.0
508,197,1.0
3,1578,1.0
3,324,1.0
3,474,1.0
3,4438,1.0
3,1397,1.0
3,431,1.0
3,1446,1.0
3,731,1.0
3,8414,1.0
3,1967,1.0
82,1578,1.0
82,324,1.0
82,474,1.0
82,4438,1.0
82,1397,1.0
82,431,1.0
82,1446,1.0
82,731,1.0
82,8414,1.0
82,243,1.0
406,1578,1.0
406,324,1.0
406,225,1.0
406,4438,1.0
406,1397,1.0
406,1446,1.0
406,731,1.0
406,8414,1.0
406,243,1.0
406,1967,1.0
192,1578,1.0
192,324,1.0
192,474,1.0
192,225,1.0
192,4438,1.0
192,1397,1.0
192,431,1.0
192,1446,1.0
192,731,1.0
192,8414,1.0
493,1578,1.0
493,324,1.0
493,474,1.0
493,225,1.0
493,4438,1.0
493,1397,1.0
493,431,1.0
493,1446,1.0
493,731,1.0
493,8414,1.0
597,1578,1.0
597,324,1.0
597,474,1.0
597,4438,1.0
597,1397,1.0
597,431,1.0
597,1446,1.0
597,731,1.0
597,8414,1.0
597,1967,1.0
452,1578,1.0
452,324,1.0
452,474,1.0
452,225,1.0
452,4438,1.0
452,1397,1.0
452,431,1.0
452,1446,1.0
452,731,1.0
452,8414,1.0
517,1578,1.0
517,474,1.0
517,225,1.0
517,4438,1.0
517,1397,1.0
517,431,1.0
517,1446,1.0
517,8414,1.0
517,243,1.0
517,1967,1.0
97,1578,1.0
97,474,1.0
97,225,1.0
97,4438,1.0
97,1397,1.0
97,431,1.0
97,1446,1.0
97,731,1.0
97,8414,1.0
97,243,1.0
554,1578,1.0
554,324,1.0
554,474,1.0
554,225,1.0
554,4438,1.0
554,1397,1.0
554,431,1.0
554,1446,1.0
554,731,1.0
554,8414,1.0
638,1578,1.0
638,324,1.0
638,474,1.0
638,225,1.0
638,4438,1.0
638,1397,1.0
638,431,1.0
638,1446,1.0
638,731,1.0
638,8414,1.0
381,1578,1.0
381,324,1.0
381,474,1.0
381,225,1.0
381,4438,1.0
381,1397,1.0
381,431,1.0
381,1446,1.0
381,8414,1.0
381,1967,1.0
38,1578,1.0
38,324,1.0
38,474,1.0
38,225,1.0
38,4438,1.0
38,1397,1.0
38,431,1.0
38,1446,1.0
38,731,1.0
38,8414,1.0
133,1578,1.0
133,324,1.0
133,474,1.0
133,4438,1.0
133,1397,1.0
133,431,1.0
133,1446,1.0
133,731,1.0
133,8414,1.0
133,243,1.0
164,1578,1.0
164,324,1.0
164,225,1.0
164,4438,1.0
164,1397,1.0
164,431,1.0
164,1446,1.0
164,731,1.0
164,8414,1.0
164,243,1.0
246,1578,1.0
246,324,1.0
246,474,1.0
246,225,1.0
246,4438,1.0
246,1397,1.0
246,431,1.0
246,1446,1.0
246,731,1.0
246,8414,1.0
298,1578,1.0
298,324,1.0
298,474,1.0
298,225,1.0
298,4438,1.0
298,1397,1.0
298,431,1.0
298,1446,1.0
298,731,1.0
298,8414,1.0
55,1578,1.0
55,324,1.0
55,225,1.0
55,4438,1.0
55,1397,1.0
55,431,1.0
55,1446,1.0
55,731,1.0
55,8414,1.0
55,243,1.0
241,1578,1.0
241,474,1.0
241,4438,1.0
241,1397,1.0
241,431,1.0
241,1446,1.0
241,8414,1.0
241,243,1.0
241,1967,1.0
241,2655,1.0
25,1578,1.0
25,324,1.0
25,225,1.0
25,4438,1.0
25,1397,1.0
25,431,1.0
25,1446,1.0
25,731,1.0
25,8414,1.0
25,243,1.0
459,1578,1.0
459,324,1.0
459,474,1.0
459,225,1.0
459,4438,1.0
459,1397,1.0
459,1446,1.0
459,8414,1.0
459,243,1.0
459,1967,1.0
587,1578,1.0
587,324,1.0
587,474,1.0
587,225,1.0
587,4438,1.0
587,1397,1.0
587,431,1.0
587,1446,1.0
587,731,1.0
587,8414,1.0
65,1578,1.0
65,324,1.0
65,474,1.0
65,225,1.0
65,4438,1.0
65,1397,1.0
65,431,1.0
65,1446,1.0
65,731,1.0
65,8414,1.0
294,1578,1.0
294,474,1.0
294,4438,1.0
294,1397,1.0
294,431,1.0
294,1446,1.0
294,731,1.0
294,8414,1.0
294,243,1.0
294,1967,1.0
524,1578,1.0
524,324,1.0
524,474,1.0
524,225,1.0
524,4438,1.0
524,1397,1.0
524,431,1.0
524,1446,1.0
524,731,1.0
524,8414,1.0
666,1578,1.0
666,324,1.0
666,474,1.0
666,225,1.0
666,4438,1.0
666,1397,1.0
666,1446,1.0
666,731,1.0
666,8414,1.0
666,243,1.0
186,1578,1.0
186,474,1.0
186,225,1.0
186,4438,1.0
186,431,1.0
186,1446,1.0
186,731,1.0
186,8414,1.0
186,243,1.0
186,1967,1.0
354,1578,1.0
354,324,1.0
354,4438,1.0
354,1397,1.0
354,431,1.0
354,1446,1.0
354,731,1.0
354,8414,1.0
354,243,1.0
354,1967,1.0
238,1578,1.0
238,324,1.0
238,474,1.0
238,225,1.0
238,4438,1.0
238,1397,1.0
238,431,1.0
238,1446,1.0
238,731,1.0
238,8414,1.0
352,1578,1.0
352,324,1.0
352,474,1.0
352,225,1.0
352,4438,1.0
352,1397,1.0
352,431,1.0
352,1446,1.0
352,731,1.0
352,8414,1.0
504,1578,1.0
504,474,1.0
504,225,1.0
504,4438,1.0
504,1397,1.0
504,431,1.0
504,1446,1.0
504,8414,1.0
504,243,1.0
504,1967,1.0
591,1578,1.0
591,324,1.0
591,474,1.0
591,225,1.0
591,4438,1.0
591,1397,1.0
591,431,1.0
591,1446,1.0
591,731,1.0
591,8414,1.0
485,1578,1.0
485,324,1.0
485,474,1.0
485,225,1.0
485,4438,1.0
485,1397,1.0
485,431,1.0
485,1446,1.0
485,731,1.0
485,8414,1.0
351,1578,1.0
351,324,1.0
351,474,1.0
351,225,1.0
351,4438,1.0
351,1397,1.0
351,431,1.0
351,1446,1.0
351,731,1.0
351,8414,1.0
357,1578,1.0
357,474,1.0
357,225,1.0
357,4438,1.0
357,1397,1.0
357,431,1.0
357,1446,1.0
357,731,1.0
357,8414,1.0
357,1967,1.0
344,1578,1.0
344,324,1.0
344,225,1.0
344,4438,1.0
344,1397,1.0
344,431,1.0
344,1446,1.0
344,731,1.0
344,8414,1.0
344,243,1.0
422,1578,1.0
422,324,1.0
422,225,1.0
422,4438,1.0
422,1397,1.0
422,1446,1.0
422,731,1.0
422,8414,1.0
422,243,1.0
422,1967,1.0
18,1578,1.0
18,324,1.0
18,474,1.0
18,225,1.0
18,4438,1.0
18,1397,1.0
18,431,1.0
18,1446,1.0
18,731,1.0
18,8414,1.0
87,1578,1.0
87,324,1.0
87,474,1.0
87,4438,1.0
87,1397,1.0
87,431,1.0
87,1446,1.0
87,731,1.0
87,8414,1.0
87,243,1.0
427,1578,1.0
427,324,1.0
427,225,1.0
427,4438,1.0
427,1397,1.0
427,431,1.0
427,1446,1.0
427,731,1.0
427,8414,1.0
427,243,1.0
85,1578,1.0
85,324,1.0
85,474,1.0
85,225,1.0
85,4438,1.0
85,1397,1.0
85,431,1.0
85,1446,1.0
85,731,1.0
85,8414,1.0
305,1578,1.0
305,474,1.0
305,4438,1.0
305,1397,1.0
305,431,1.0
305,1446,1.0
305,8414,1.0
305,243,1.0
305,1967,1.0
305,787,1.0
479,1578,1.0
479,324,1.0
479,225,1.0
479,4438,1.0
479,1397,1.0
479,431,1.0
479,1446,1.0
479,731,1.0
479,8414,1.0
479,243,1.0
212,1578,1.0
212,324,1.0
212,474,1.0
212,225,1.0
212,4438,1.0
212,1397,1.0
212,431,1.0
212,1446,1.0
212,731,1.0
212,8414,1.0
648,1578,1.0
648,474,1.0
648,225,1.0
648,4438,1.0
648,1397,1.0
648,431,1.0
648,1446,1.0
648,731,1.0
648,8414,1.0
648,243,1.0
95,1578,1.0
95,324,1.0
95,225,1.0
95,4438,1.0
95,1397,1.0
95,431,1.0
95,1446,1.0
95,731,1.0
95,8414,1.0
95,243,1.0
76,1578,1.0
76,324,1.0
76,474,1.0
76,225,1.0
76,4438,1.0
76,1397,1.0
76,431,1.0
76,1446,1.0
76,731,1.0
76,8414,1.0
74,1578,1.0
74,324,1.0
74,225,1.0
74,4438,1.0
74,1397,1.0
74,431,1.0
74,1446,1.0
74,731,1.0
74,8414,1.0
74,243,1.0
72,324,1.0
72,474,1.0
72,4438,1.0
72,1397,1.0
72,1446,1.0
72,731,1.0
72,8414,1.0
72,243,1.0
72,1967,1.0
72,787,1.0
511,1578,1.0
511,324,1.0
511,474,1.0
511,225,1.0
511,4438,1.0
511,1397,1.0
511,431,1.0
511,1446,1.0
511,731,1.0
511,8414,1.0
663,1578,1.0
663,324,1.0
663,474,1.0
663,225,1.0
663,4438,1.0
663,1397,1.0
663,431,1.0
663,1446,1.0
663,731,1.0
663,8414,1.0
217,1578,1.0
217,324,1.0
217,225,1.0
217,4438,1.0
217,1397,1.0
217,431,1.0
217,1446,1.0
217,731,1.0
217,8414,1.0
217,243,1.0
401,1578,1.0
401,324,1.0
401,474,1.0
401,225,1.0
401,4438,1.0
401,1397,1.0
401,431,1.0
401,1446,1.0
401,731,1.0
401,8414,1.0
394,1578,1.0
394,324,1.0
394,474,1.0
394,225,1.0
394,4438,1.0
394,1397,1.0
394,431,1.0
394,1446,1.0
394,731,1.0
394,8414,1.0
421,1578,1.0
421,324,1.0
421,474,1.0
421,225,1.0
421,4438,1.0
421,1397,1.0
421,1446,1.0
421,731,1.0
421,8414,1.0
421,243,1.0
77,1578,1.0
77,324,1.0
77,225,1.0
77,4438,1.0
77,1397,1.0
77,431,1.0
77,1446,1.0
77,731,1.0
77,8414,1.0
77,243,1.0
528,1578,1.0
528,324,1.0
528,474,1.0
528,225,1.0
528,4438,1.0
528,1397,1.0
528,431,1.0
528,1446,1.0
528,8414,1.0
528,1967,1.0
245,1578,1.0
245,324,1.0
245,474,1.0
245,225,1.0
245,4438,1.0
245,1397,1.0
245,431,1.0
245,1446,1.0
245,731,1.0
245,8414,1.0
515,1578,1.0
515,474,1.0
515,225,1.0
515,4438,1.0
515,1397,1.0
515,431,1.0
515,1446,1.0
515,731,1.0
515,8414,1.0
515,243,1.0
519,1578,1.0
519,324,1.0
519,474,1.0
519,4438,1.0
519,1397,1.0
519,431,1.0
519,1446,1.0
519,731,1.0
519,8414,1.0
519,243,1.0
188,1578,1.0
188,324,1.0
188,474,1.0
188,225,1.0
188,4438,1.0
188,1397,1.0
188,431,1.0
188,1446,1.0
188,731,1.0
188,8414,1.0
521,1578,1.0
521,324,1.0
521,474,1.0
521,4438,1.0
521,1397,1.0
521,431,1.0
521,1446,1.0
521,731,1.0
521,8414,1.0
521,243,1.0
360,1578,1.0
360,324,1.0
360,474,1.0
360,225,1.0
360,4438,1.0
360,1397,1.0
360,431,1.0
360,1446,1.0
360,731,1.0
360,8414,1.0
96,1578,1.0
96,324,1.0
96,474,1.0
96,225,1.0
96,4438,1.0
96,1397,1.0
96,431,1.0
96,1446,1.0
96,8414,1.0
96,243,1.0
33,1578,1.0
33,324,1.0
33,474,1.0
33,225,1.0
33,4438,1.0
33,1397,1.0
33,431,1.0
33,1446,1.0
33,731,1.0
33,8414,1.0
206,1578,1.0
206,324,1.0
206,474,1.0
206,225,1.0
206,4438,1.0
206,1397,1.0
206,431,1.0
206,731,1.0
206,8414,1.0
206,243,1.0
337,1578,1.0
337,324,1.0
337,474,1.0
337,225,1.0
337,4438,1.0
337,1397,1.0
337,431,1.0
337,1446,1.0
337,731,1.0
337,8414,1.0
147,1578,1.0
147,324,1.0
147,225,1.0
147,4438,1.0
147,1397,1.0
147,431,1.0
147,1446,1.0
147,731,1.0
147,8414,1.0
147,243,1.0
104,1578,1.0
104,4438,1.0
104,1397,1.0
104,431,1.0
104,1446,1.0
104,731,1.0
104,8414,1.0
104,243,1.0
104,1967,1.0
104,197,1.0
311,1578,1.0
311,474,1.0
311,225,1.0
311,4438,1.0
311,1397,1.0
311,431,1.0
311,1446,1.0
311,731,1.0
311,8414,1.0
311,243,1.0
29,1578,1.0
29,474,1.0
29,4438,1.0
29,1397,1.0
29,431,1.0
29,1446,1.0
29,731,1.0
29,8414,1.0
29,243,1.0
29,1967,1.0
596,1578,1.0
596,324,1.0
596,474,1.0
596,225,1.0
596,4438,1.0
596,1397,1.0
596,431,1.0
596,1446,1.0
596,8414,1.0
596,1967,1.0
296,1578,1.0
296,324,1.0
296,474,1.0
296,225,1.0
296,4438,1.0
296,1397,1.0
296,431,1.0
296,1446,1.0
296,731,1.0
296,8414,1.0
35,1578,1.0
35,324,1.0
35,474,1.0
35,225,1.0
35,4438,1.0
35,1397,1.0
35,431,1.0
35,1446,1.0
35,731,1.0
35,8414,1.0
380,1578,1.0
380,324,1.0
380,474,1.0
380,4438,1.0
380,1397,1.0
380,431,1.0
380,1446,1.0
380,731,1.0
380,8414,1.0
380,243,1.0
235,1578,1.0
235,324,1.0
235,474,1.0
235,225,1.0
235,4438,1.0
235,1397,1.0
235,431,1.0
235,1446,1.0
235,8414,1.0
235,243,1.0
42,1578,1.0
42,324,1.0
42,474,1.0
42,225,1.0
42,4438,1.0
42,1397,1.0
42,431,1.0
42,1446,1.0
42,731,1.0
42,8414,1.0
595,1578,1.0
595,474,1.0
595,225,1.0
595,4438,1.0
595,1397,1.0
595,431,1.0
595,1446,1.0
595,731,1.0
595,8414,1.0
595,243,1.0
345,1578,1.0
345,324,1.0
345,474,1.0
345,225,1.0
345,4438,1.0
345,1397,1.0
345,431,1.0
345,1446,1.0
345,731,1.0
345,8414,1.0
463,1578,1.0
463,324,1.0
463,474,1.0
463,225,1.0
463,4438,1.0
463,1397,1.0
463,431,1.0
463,1446,1.0
463,731,1.0
463,8414,1.0
395,1578,1.0
395,324,1.0
395,474,1.0
395,225,1.0
395,4438,1.0
395,1397,1.0
395,431,1.0
395,1446,1.0
395,731,1.0
395,8414,1.0
433,1578,1.0
433,324,1.0
433,474,1.0
433,225,1.0
433,4438,1.0
433,1397,1.0
433,431,1.0
433,1446,1.0
433,731,1.0
433,8414,1.0
369,1578,1.0
369,324,1.0
369,225,1.0
369,4438,1.0
369,1397,1.0
369,431,1.0
369,1446,1.0
369,731,1.0
369,8414,1.0
369,243,1.0
211,474,1.0
211,4438,1.0
211,1397,1.0
211,431,1.0
211,1446,1.0
211,731,1.0
211,8414,1.0
211,243,1.0
211,1967,1.0
211,197,1.0
557,1578,1.0
557,324,1.0
557,474,1.0
557,225,1.0
557,4438,1.0
557,1397,1.0
557,431,1.0
557,1446,1.0
557,731,1.0
557,8414,1.0
84,1578,1.0
84,474,1.0
84,225,1.0
84,4438,1.0
84,1397,1.0
84,431,1.0
84,1446,1.0
84,731,1.0
84,8414,1.0
84,243,1.0
12,1578,1.0
12,324,1.0
12,474,1.0
12,4438,1.0
12,1397,1.0
12,431,1.0
12,1446,1.0
12,731,1.0
12,8414,1.0
12,243,1.0
513,1578,1.0
513,324,1.0
513,474,1.0
513,225,1.0
513,4438,1.0
513,1397,1.0
513,1446,1.0
513,731,1.0
513,8414,1.0
513,243,1.0
247,1578,1.0
247,324,1.0
247,474,1.0
247,225,1.0
247,4438,1.0
247,1397,1.0
247,431,1.0
247,1446,1.0
247,731,1.0
247,8414,1.0
584,1578,1.0
584,324,1.0
584,474,1.0
584,225,1.0
584,4438,1.0
584,1397,1.0
584,1446,1.0
584,731,1.0
584,8414,1.0
584,243,1.0
308,1578,1.0
308,324,1.0
308,225,1.0
308,4438,1.0
308,1397,1.0
308,1446,1.0
308,731,1.0
308,8414,1.0
308,243,1.0
308,1967,1.0
404,1578,1.0
404,324,1.0
404,474,1.0
404,225,1.0
404,1397,1.0
404,431,1.0
404,1446,1.0
404,731,1.0
404,8414,1.0
404,1967,1.0
231,1578,1.0
231,324,1.0
231,474,1.0
231,225,1.0
231,4438,1.0
231,1397,1.0
231,431,1.0
231,1446,1.0
231,731,1.0
231,8414,1.0
614,1578,1.0
614,324,1.0
614,225,1.0
614,4438,1.0
614,1397,1.0
614,431,1.0
614,1446,1.0
614,731,1.0
614,8414,1.0
614,243,1.0
617,1578,1.0
617,324,1.0
617,474,1.0
617,225,1.0
617,4438,1.0
617,1397,1.0
617,431,1.0
617,1446,1.0
617,731,1.0
617,8414,1.0
281,1578,1.0
281,324,1.0
281,474,1.0
281,4438,1.0
281,1397,1.0
281,431,1.0
281,1446,1.0
281,731,1.0
281,8414,1.0
281,243,1.0
568,1578,1.0
568,324,1.0
568,474,1.0
568,225,1.0
568,4438,1.0
568,1397,1.0
568,431,1.0
568,1446,1.0
568,8414,1.0
568,243,1.0
438,1578,1.0
438,324,1.0
438,474,1.0
438,225,1.0
438,4438,1.0
438,1397,1.0
438,431,1.0
438,1446,1.0
438,731,1.0
438,8414,1.0
151,1578,1.0
151,324,1.0
151,4438,1.0
151,1397,1.0
151,431,1.0
151,1446,1.0
151,731,1.0
151,8414,1.0
151,243,1.0
151,1967,1.0
148,1578,1.0
148,324,1.0
148,225,1.0
148,4438,1.0
148,1397,1.0
148,431,1.0
148,1446,1.0
148,731,1.0
148,8414,1.0
148,243,1.0
210,1578,1.0
210,324,1.0
210,474,1.0
210,225,1.0
210,4438,1.0
210,1397,1.0
210,431,1.0
210,1446,1.0
210,731,1.0
210,8414,1.0
332,1578,1.0
332,324,1.0
332,474,1.0
332,225,1.0
332,4438,1.0
332,1397,1.0
332,431,1.0
332,1446,1.0
332,731,1.0
332,8414,1.0
540,1578,1.0
540,324,1.0
540,474,1.0
540,225,1.0
540,4438,1.0
540,1397,1.0
540,431,1.0
540,1446,1.0
540,731,1.0
540,8414,1.0
156,1578,1.0
156,324,1.0
156,225,1.0
156,4438,1.0
156,1397,1.0
156,431,1.0
156,1446,1.0
156,731,1.0
156,8414,1.0
156,243,1.0
291,1578,1.0
291,474,1.0
291,4438,1.0
291,1397,1.0
291,431,1.0
291,1446,1.0
291,731,1.0
291,8414,1.0
291,243,1.0
291,1967,1.0
496,1578,1.0
496,324,1.0
496,474,1.0
496,4438,1.0
496,1397,1.0
496,431,1.0
496,1446,1.0
496,731,1.0
496,8414,1.0
496,243,1.0
549,1578,1.0
549,324,1.0
549,474,1.0
549,225,1.0
549,4438,1.0
549,1397,1.0
549,431,1.0
549,1446,1.0
549,731,1.0
549,8414,1.0
126,1578,1.0
126,474,1.0
126,225,1.0
126,4438,1.0
126,1397,1.0
126,431,1.0
126,1446,1.0
126,731,1.0
126,8414,1.0
126,243,1.0
56,1578,1.0
56,324,1.0
56,474,1.0
56,4438,1.0
56,1397,1.0
56,431,1.0
56,1446,1.0
56,731,1.0
56,8414,1.0
56,243,1.0
127,1578,1.0
127,474,1.0
127,225,1.0
127,4438,1.0
127,1397,1.0
127,431,1.0
127,1446,1.0
127,731,1.0
127,8414,1.0
127,1967,1.0
138,1578,1.0
138,324,1.0
138,225,1.0
138,4438,1.0
138,1397,1.0
138,431,1.0
138,1446,1.0
138,731,1.0
138,8414,1.0
138,243,1.0
225,1578,1.0
225,324,1.0
225,474,1.0
225,225,1.0
225,4438,1.0
225,1397,1.0
225,431,1.0
225,1446,1.0
225,731,1.0
225,8414,1.0
636,1578,1.0
636,324,1.0
636,474,1.0
636,225,1.0
636,4438,1.0
636,1397,1.0
636,431,1.0
636,1446,1.0
636,731,1.0
636,8414,1.0
601,1578,1.0
601,324,1.0
601,474,1.0
601,225,1.0
601,4438,1.0
601,1397,1.0
601,431,1.0
601,1446,1.0
601,731,1.0
601,8414,1.0
6,1578,1.0
6,324,1.0
6,474,1.0
6,225,1.0
6,4438,1.0
6,1397,1.0
6,431,1.0
6,1446,1.0
6,731,1.0
6,8414,1.0
340,1578,1.0
340,324,1.0
340,474,1.0
340,225,1.0
340,4438,1.0
340,1397,1.0
340,431,1.0
340,1446,1.0
340,731,1.0
340,8414,1.0
430,1578,1.0
430,324,1.0
430,474,1.0
430,4438,1.0
430,1397,1.0
430,431,1.0
430,1446,1.0
430,8414,1.0
430,243,1.0
430,1967,1.0
500,1578,1.0
500,324,1.0
500,474,1.0
500,225,1.0
500,4438,1.0
500,1397,1.0
500,1446,1.0
500,731,1.0
500,8414,1.0
500,243,1.0
655,1578,1.0
655,324,1.0
655,474,1.0
655,225,1.0
655,4438,1.0
655,1397,1.0
655,431,1.0
655,1446,1.0
655,731,1.0
655,8414,1.0
21,1578,1.0
21,324,1.0
21,225,1.0
21,4438,1.0
21,1397,1.0
21,431,1.0
21,1446,1.0
21,731,1.0
21,8414,1.0
21,243,1.0
118,1578,1.0
118,474,1.0
118,4438,1.0
118,1397,1.0
118,431,1.0
118,1446,1.0
118,731,1.0
118,8414,1.0
118,243,1.0
118,1967,1.0
400,1578,1.0
400,324,1.0
400,474,1.0
400,225,1.0
400,4438,1.0
400,1397,1.0
400,431,1.0
400,1446,1.0
400,731,1.0
400,8414,1.0
256,1578,1.0
256,324,1.0
256,474,1.0
256,225,1.0
256,4438,1.0
256,1397,1.0
256,431,1.0
256,1446,1.0
256,731,1.0
256,8414,1.0
536,1578,1.0
536,324,1.0
536,474,1.0
536,225,1.0
536,4438,1.0
536,1397,1.0
536,1446,1.0
536,8414,1.0
536,243,1.0
536,1967,1.0
176,1578,1.0
176,324,1.0
176,474,1.0
176,225,1.0
176,4438,1.0
176,1397,1.0
176,431,1.0
176,1446,1.0
176,731,1.0
176,8414,1.0
516,1578,1.0
516,324,1.0
516,474,1.0
516,225,1.0
516,4438,1.0
516,1397,1.0
516,431,1.0
516,1446,1.0
516,731,1.0
516,8414,1.0
589,1578,1.0
589,324,1.0
589,474,1.0
589,225,1.0
589,4438,1.0
589,1397,1.0
589,431,1.0
589,1446,1.0
589,731,1.0
589,8414,1.0
264,1578,1.0
264,324,1.0
264,474,1.0
264,225,1.0
264,4438,1.0
264,1397,1.0
264,431,1.0
264,1446,1.0
264,8414,1.0
264,243,1.0
216,1578,1.0
216,324,1.0
216,474,1.0
216,225,1.0
216,4438,1.0
216,1397,1.0
216,431,1.0
216,1446,1.0
216,731,1.0
216,8414,1.0
240,1578,1.0
240,324,1.0
240,474,1.0
240,225,1.0
240,4438,1.0
240,1397,1.0
240,431,1.0
240,1446,1.0
240,731,1.0
240,8414,1.0
181,1578,1.0
181,324,1.0
181,474,1.0
181,225,1.0
181,4438,1.0
181,1397,1.0
181,431,1.0
181,1446,1.0
181,731,1.0
181,8414,1.0
184,1578,1.0
184,324,1.0
184,474,1.0
184,225,1.0
184,4438,1.0
184,1397,1.0
184,1446,1.0
184,731,1.0
184,8414,1.0
184,243,1.0
250,1578,1.0
250,324,1.0
250,474,1.0
250,4438,1.0
250,1397,1.0
250,431,1.0
250,1446,1.0
250,731,1.0
250,8414,1.0
250,243,1.0
470,1578,1.0
470,474,1.0
470,225,1.0
470,4438,1.0
470,1397,1.0
470,431,1.0
470,1446,1.0
470,731,1.0
470,8414,1.0
470,243,1.0
533,1578,1.0
533,324,1.0
533,474,1.0
533,225,1.0
533,4438,1.0
533,1397,1.0
533,431,1.0
533,1446,1.0
533,731,1.0
533,8414,1.0
665,1578,1.0
665,324,1.0
665,474,1.0
665,225,1.0
665,4438,1.0
665,1397,1.0
665,431,1.0
665,1446,1.0
665,731,1.0
665,8414,1.0
386,1578,1.0
386,324,1.0
386,474,1.0
386,225,1.0
386,4438,1.0
386,1397,1.0
386,431,1.0
386,1446,1.0
386,731,1.0
386,8414,1.0
440,1578,1.0
440,324,1.0
440,474,1.0
440,225,1.0
440,4438,1.0
440,1397,1.0
440,431,1.0
440,1446,1.0
440,731,1.0
440,8414,1.0
583,1578,1.0
583,324,1.0
583,225,1.0
583,4438,1.0
583,1397,1.0
583,431,1.0
583,1446,1.0
583,731,1.0
583,8414,1.0
583,243,1.0
531,1578,1.0
531,324,1.0
531,474,1.0
531,225,1.0
531,4438,1.0
531,1397,1.0
531,431,1.0
531,1446,1.0
531,731,1.0
531,8414,1.0
237,1578,1.0
237,324,1.0
237,474,1.0
237,225,1.0
237,4438,1.0
237,1397,1.0
237,431,1.0
237,1446,1.0
237,731,1.0
237,8414,1.0
598,1578,1.0
598,324,1.0
598,474,1.0
598,225,1.0
598,4438,1.0
598,431,1.0
598,1446,1.0
598,731,1.0
598,8414,1.0
598,243,1.0
602,1578,1.0
602,324,1.0
602,474,1.0
602,225,1.0
602,4438,1.0
602,1397,1.0
602,431,1.0
602,1446,1.0
602,731,1.0
602,8414,1.0
586,1578,1.0
586,324,1.0
586,225,1.0
586,4438,1.0
586,1397,1.0
586,431,1.0
586,1446,1.0
586,8414,1.0
586,243,1.0
586,1967,1.0
377,1578,1.0
377,324,1.0
377,225,1.0
377,4438,1.0
377,1397,1.0
377,431,1.0
377,1446,1.0
377,731,1.0
377,8414,1.0
377,243,1.0
48,1578,1.0
48,324,1.0
48,474,1.0
48,225,1.0
48,4438,1.0
48,1397,1.0
48,431,1.0
48,1446,1.0
48,731,1.0
48,8414,1.0
267,1578,1.0
267,324,1.0
267,4438,1.0
267,1397,1.0
267,431,1.0
267,1446,1.0
267,731,1.0
267,8414,1.0
267,1967,1.0
267,2655,1.0
457,1578,1.0
457,474,1.0
457,4438,1.0
457,1397,1.0
457,431,1.0
457,1446,1.0
457,731,1.0
457,8414,1.0
457,243,1.0
457,1967,1.0
364,1578,1.0
364,324,1.0
364,474,1.0
364,4438,1.0
364,1397,1.0
364,431,1.0
364,1446,1.0
364,731,1.0
364,8414,1.0
364,243,1.0
71,1578,1.0
71,324,1.0
71,4438,1.0
71,1397,1.0
71,431,1.0
71,1446,1.0
71,731,1.0
71,8414,1.0
71,243,1.0
71,1967,1.0
239,1578,1.0
239,324,1.0
239,225,1.0
239,4438,1.0
239,431,1.0
239,1446,1.0
239,731,1.0
239,8414,1.0
239,243,1.0
239,1967,1.0
654,1578,1.0
654,324,1.0
654,474,1.0
654,225,1.0
654,4438,1.0
654,1397,1.0
654,431,1.0
654,1446,1.0
654,731,1.0
654,8414,1.0
409,1578,1.0
409,324,1.0
409,474,1.0
409,225,1.0
409,4438,1.0
409,1397,1.0
409,431,1.0
409,1446,1.0
409,731,1.0
409,8414,1.0
410,1578,1.0
410,324,1.0
410,474,1.0
410,225,1.0
410,4438,1.0
410,1397,1.0
410,431,1.0
410,1446,1.0
410,731,1.0
410,8414,1.0
120,1578,1.0
120,324,1.0
120,474,1.0
120,225,1.0
120,4438,1.0
120,1397,1.0
120,431,1.0
120,1446,1.0
120,731,1.0
120,8414,1.0
110,1578,1.0
110,324,1.0
110,474,1.0
110,4438,1.0
110,431,1.0
110,1446,1.0
110,731,1.0
110,8414,1.0
110,243,1.0
110,1967,1.0
149,1578,1.0
149,324,1.0
149,474,1.0
149,225,1.0
149,4438,1.0
149,1397,1.0
149,431,1.0
149,1446,1.0
149,731,1.0
149,8414,1.0
98,1578,1.0
98,324,1.0
98,225,1.0
98,4438,1.0
98,1397,1.0
98,431,1.0
98,1446,1.0
98,8414,1.0
98,1967,1.0
98,197,1.0
227,1578,1.0
227,324,1.0
227,474,1.0
227,225,1.0
227,4438,1.0
227,1397,1.0
227,431,1.0
227,1446,1.0
227,731,1.0
227,8414,1.0
146,1578,1.0
146,324,1.0
146,474,1.0
146,225,1.0
146,4438,1.0
146,1397,1.0
146,431,1.0
146,1446,1.0
146,731,1.0
146,8414,1.0
436,1578,1.0
436,324,1.0
436,474,1.0
436,225,1.0
436,4438,1.0
436,1397,1.0
436,431,1.0
436,1446,1.0
436,731,1.0
436,8414,1.0
284,1578,1.0
284,324,1.0
284,474,1.0
284,225,1.0
284,4438,1.0
284,1397,1.0
284,431,1.0
284,1446,1.0
284,731,1.0
284,8414,1.0
249,324,1.0
249,225,1.0
249,4438,1.0
249,1397,1.0
249,431,1.0
249,1446,1.0
249,731,1.0
249,8414,1.0
249,243,1.0
249,1967,1.0
27,1578,1.0
27,324,1.0
27,474,1.0
27,225,1.0
27,4438,1.0
27,1397,1.0
27,431,1.0
27,1446,1.0
27,8414,1.0
27,243,1.0
535,1578,1.0
535,324,1.0
535,474,1.0
535,225,1.0
535,4438,1.0
535,1397,1.0
535,431,1.0
535,1446,1.0
535,731,1.0
535,8414,1.0
661,1578,1.0
661,474,1.0
661,225,1.0
661,4438,1.0
661,1397,1.0
661,431,1.0
661,1446,1.0
661,731,1.0
661,8414,1.0
661,243,1.0
349,1578,1.0
349,324,1.0
349,225,1.0
349,4438,1.0
349,1397,1.0
349,431,1.0
349,1446,1.0
349,731,1.0
349,8414,1.0
349,243,1.0
272,1578,1.0
272,324,1.0
272,474,1.0
272,225,1.0
272,4438,1.0
272,1397,1.0
272,431,1.0
272,1446,1.0
272,731,1.0
272,8414,1.0
312,1578,1.0
312,324,1.0
312,4438,1.0
312,1397,1.0
312,431,1.0
312,1446,1.0
312,731,1.0
312,8414,1.0
312,1967,1.0
312,787,1.0
316,1578,1.0
316,324,1.0
316,474,1.0
316,225,1.0
316,4438,1.0
316,1397,1.0
316,431,1.0
316,1446,1.0
316,731,1.0
316,8414,1.0
645,1578,1.0
645,324,1.0
645,474,1.0
645,225,1.0
645,4438,1.0
645,1397,1.0
645,431,1.0
645,1446,1.0
645,731,1.0
645,8414,1.0
195,1578,1.0
195,324,1.0
195,474,1.0
195,225,1.0
195,4438,1.0
195,1397,1.0
195,431,1.0
195,1446,1.0
195,731,1.0
195,8414,1.0
468,1578,1.0
468,324,1.0
468,474,1.0
468,225,1.0
468,4438,1.0
468,1397,1.0
468,431,1.0
468,1446,1.0
468,731,1.0
468,8414,1.0
534,1578,1.0
534,324,1.0
534,474,1.0
534,225,1.0
534,4438,1.0
534,1397,1.0
534,431,1.0
534,1446,1.0
534,731,1.0
534,8414,1.0
489,1578,1.0
489,324,1.0
489,474,1.0
489,225,1.0
489,4438,1.0
489,1397,1.0
489,431,1.0
489,1446,1.0
489,731,1.0
489,8414,1.0
475,1578,1.0
475,324,1.0
475,474,1.0
475,225,1.0
475,4438,1.0
475,1397,1.0
475,431,1.0
475,1446,1.0
475,731,1.0
475,8414,1.0
637,1578,1.0
637,324,1.0
637,474,1.0
637,225,1.0
637,4438,1.0
637,1397,1.0
637,431,1.0
637,1446,1.0
637,731,1.0
637,8414,1.0
561,1578,1.0
561,225,1.0
561,4438,1.0
561,1397,1.0
561,431,1.0
561,1446,1.0
561,731,1.0
561,8414,1.0
561,243,1.0
561,1967,1.0
24,1578,1.0
24,324,1.0
24,474,1.0
24,225,1.0
24,4438,1.0
24,1397,1.0
24,431,1.0
24,1446,1.0
24,731,1.0
24,8414,1.0
44,1578,1.0
44,324,1.0
44,474,1.0
44,225,1.0
44,4438,1.0
44,1397,1.0
44,431,1.0
44,1446,1.0
44,8414,1.0
44,243,1.0
350,1578,1.0
350,324,1.0
350,474,1.0
350,225,1.0
350,4438,1.0
350,1397,1.0
350,431,1.0
350,1446,1.0
350,731,1.0
350,8414,1.0
91,1578,1.0
91,324,1.0
91,474,1.0
91,225,1.0
91,4438,1.0
91,1397,1.0
91,431,1.0
91,1446,1.0
91,731,1.0
91,8414,1.0
204,1578,1.0
204,324,1.0
204,474,1.0
204,225,1.0
204,4438,1.0
204,1397,1.0
204,431,1.0
204,1446,1.0
204,731,1.0
204,8414,1.0
94,1578,1.0
94,324,1.0
94,474,1.0
94,225,1.0
94,4438,1.0
94,1397,1.0
94,431,1.0
94,1446,1.0
94,731,1.0
94,8414,1.0
431,1578,1.0
431,324,1.0
431,225,1.0
431,4438,1.0
431,1397,1.0
431,431,1.0
431,1446,1.0
431,731,1.0
431,8414,1.0
431,243,1.0
635,1578,1.0
635,324,1.0
635,474,1.0
635,225,1.0
635,4438,1.0
635,1397,1.0
635,431,1.0
635,1446,1.0
635,731,1.0
635,8414,1.0
576,1578,1.0
576,324,1.0
576,474,1.0
576,225,1.0
576,4438,1.0
576,1397,1.0
576,431,1.0
576,1446,1.0
576,731,1.0
576,8414,1.0
168,324,1.0
168,474,1.0
168,225,1.0
168,4438,1.0
168,1397,1.0
168,431,1.0
168,1446,1.0
168,731,1.0
168,8414,1.0
168,243,1.0
445,1578,1.0
445,324,1.0
445,474,1.0
445,225,1.0
445,4438,1.0
445,1397,1.0
445,431,1.0
445,1446,1.0
445,731,1.0
445,8414,1.0
606,1578,1.0
606,324,1.0
606,4438,1.0
606,1397,1.0
606,431,1.0
606,1446,1.0
606,731,1.0
606,8414,1.0
606,243,1.0
606,1967,1.0
626,1578,1.0
626,474,1.0
626,225,1.0
626,4438,1.0
626,1397,1.0
626,431,1.0
626,1446,1.0
626,731,1.0
626,8414,1.0
626,243,1.0
233,1578,1.0
233,324,1.0
233,474,1.0
233,4438,1.0
233,1397,1.0
233,1446,1.0
233,731,1.0
233,8414,1.0
233,243,1.0
233,1967,1.0
647,1578,1.0
647,324,1.0
647,474,1.0
647,4438,1.0
647,1397,1.0
647,431,1.0
647,1446,1.0
647,731,1.0
647,8414,1.0
647,243,1.0
248,1578,1.0
248,324,1.0
248,474,1.0
248,225,1.0
248,4438,1.0
248,1397,1.0
248,431,1.0
248,1446,1.0
248,731,1.0
248,8414,1.0
491,1578,1.0
491,324,1.0
491,474,1.0
491,225,1.0
491,4438,1.0
491,1397,1.0
491,431,1.0
491,1446,1.0
491,731,1.0
491,8414,1.0
88,1578,1.0
88,324,1.0
88,474,1.0
88,225,1.0
88,4438,1.0
88,1397,1.0
88,431,1.0
88,1446,1.0
88,731,1.0
88,8414,1.0
426,1578,1.0
426,324,1.0
426,225,1.0
426,4438,1.0
426,431,1.0
426,1446,1.0
426,731,1.0
426,8414,1.0
426,243,1.0
426,1967,1.0
465,1578,1.0
465,324,1.0
465,474,1.0
465,225,1.0
465,4438,1.0
465,1397,1.0
465,431,1.0
465,1446,1.0
465,8414,1.0
465,1967,1.0
66,1578,1.0
66,474,1.0
66,225,1.0
66,4438,1.0
66,1397,1.0
66,431,1.0
66,1446,1.0
66,731,1.0
66,8414,1.0
66,243,1.0
270,1578,1.0
270,324,1.0
270,474,1.0
270,225,1.0
270,4438,1.0
270,1397,1.0
270,431,1.0
270,1446,1.0
270,731,1.0
270,8414,1.0
46,1578,1.0
46,324,1.0
46,474,1.0
46,225,1.0
46,4438,1.0
46,1397,1.0
46,431,1.0
46,1446,1.0
46,731,1.0
46,8414,1.0
482,1578,1.0
482,324,1.0
482,474,1.0
482,225,1.0
482,4438,1.0
482,1397,1.0
482,431,1.0
482,1446,1.0
482,731,1.0
482,8414,1.0
199,1578,1.0
199,324,1.0
199,225,1.0
199,4438,1.0
199,1397,1.0
199,431,1.0
199,1446,1.0
199,731,1.0
199,8414,1.0
199,243,1.0
175,1578,1.0
175,324,1.0
175,474,1.0
175,225,1.0
175,4438,1.0
175,1397,1.0
175,431,1.0
175,1446,1.0
175,731,1.0
175,8414,1.0
41,1578,1.0
41,324,1.0
41,474,1.0
41,225,1.0
41,4438,1.0
41,1397,1.0
41,431,1.0
41,1446,1.0
41,731,1.0
41,8414,1.0
174,1578,1.0
174,324,1.0
174,474,1.0
174,4438,1.0
174,1397,1.0
174,431,1.0
174,1446,1.0
174,731,1.0
174,8414,1.0
174,243,1.0
417,1578,1.0
417,474,1.0
417,4438,1.0
417,1397,1.0
417,431,1.0
417,1446,1.0
417,731,1.0
417,8414,1.0
417,1967,1.0
417,197,1.0
45,1578,1.0
45,324,1.0
45,474,1.0
45,225,1.0
45,4438,1.0
45,1397,1.0
45,431,1.0
45,1446,1.0
45,731,1.0
45,8414,1.0
229,1578,1.0
229,324,1.0
229,225,1.0
229,4438,1.0
229,1397,1.0
229,431,1.0
229,1446,1.0
229,731,1.0
229,8414,1.0
229,243,1.0
552,1578,1.0
552,324,1.0
552,474,1.0
552,225,1.0
552,4438,1.0
552,1397,1.0
552,431,1.0
552,1446,1.0
552,731,1.0
552,8414,1.0
550,1578,1.0
550,324,1.0
550,474,1.0
550,225,1.0
550,4438,1.0
550,1397,1.0
550,431,1.0
550,1446,1.0
550,731,1.0
550,8414,1.0
541,1578,1.0
541,324,1.0
541,474,1.0
541,225,1.0
541,4438,1.0
541,1397,1.0
541,431,1.0
541,1446,1.0
541,731,1.0
541,8414,1.0
389,1578,1.0
389,324,1.0
389,474,1.0
389,225,1.0
389,4438,1.0
389,1397,1.0
389,431,1.0
389,1446,1.0
389,731,1.0
389,8414,1.0
464,1578,1.0
464,324,1.0
464,474,1.0
464,225,1.0
464,4438,1.0
464,1397,1.0
464,431,1.0
464,1446,1.0
464,731,1.0
464,8414,1.0
646,1578,1.0
646,324,1.0
646,474,1.0
646,225,1.0
646,4438,1.0
646,1397,1.0
646,1446,1.0
646,731,1.0
646,8414,1.0
646,243,1.0
548,1578,1.0
548,324,1.0
548,474,1.0
548,225,1.0
548,4438,1.0
548,1397,1.0
548,431,1.0
548,1446,1.0
548,731,1.0
548,8414,1.0
399,1578,1.0
399,324,1.0
399,474,1.0
399,225,1.0
399,4438,1.0
399,1397,1.0
399,431,1.0
399,1446,1.0
399,731,1.0
399,8414,1.0
135,1578,1.0
135,324,1.0
135,474,1.0
135,225,1.0
135,4438,1.0
135,1397,1.0
135,431,1.0
135,1446,1.0
135,731,1.0
135,8414,1.0
613,1578,1.0
613,324,1.0
613,474,1.0
613,225,1.0
613,4438,1.0
613,1397,1.0
613,431,1.0
613,1446,1.0
613,8414,1.0
613,243,1.0
242,1578,1.0
242,324,1.0
242,4438,1.0
242,1397,1.0
242,431,1.0
242,1446,1.0
242,731,1.0
242,8414,1.0
242,243,1.0
242,1967,1.0
283,1578,1.0
283,324,1.0
283,474,1.0
283,225,1.0
283,4438,1.0
283,1397,1.0
283,431,1.0
283,1446,1.0
283,731,1.0
283,8414,1.0
58,1578,1.0
58,324,1.0
58,474,1.0
58,4438,1.0
58,1397,1.0
58,1446,1.0
58,731,1.0
58,8414,1.0
58,243,1.0
58,1967,1.0
547,1578,1.0
547,324,1.0
547,474,1.0
547,225,1.0
547,4438,1.0
547,1397,1.0
547,431,1.0
547,1446,1.0
547,731,1.0
547,8414,1.0
329,1578,1.0
329,324,1.0
329,474,1.0
329,225,1.0
329,4438,1.0
329,1397,1.0
329,431,1.0
329,1446,1.0
329,8414,1.0
329,243,1.0
315,1578,1.0
315,324,1.0
315,474,1.0
315,225,1.0
315,4438,1.0
315,1397,1.0
315,431,1.0
315,1446,1.0
315,731,1.0
315,8414,1.0
200,1578,1.0
200,324,1.0
200,474,1.0
200,225,1.0
200,4438,1.0
200,1397,1.0
200,431,1.0
200,1446,1.0
200,731,1.0
200,8414,1.0
319,1578,1.0
319,324,1.0
319,225,1.0
319,4438,1.0
319,1397,1.0
319,431,1.0
319,1446,1.0
319,731,1.0
319,8414,1.0
319,243,1.0
466,1578,1.0
466,324,1.0
466,474,1.0
466,225,1.0
466,4438,1.0
466,1397,1.0
466,431,1.0
466,1446,1.0
466,731,1.0
466,8414,1.0
67,1578,1.0
67,324,1.0
67,474,1.0
67,225,1.0
67,4438,1.0
67,1397,1.0
67,431,1.0
67,1446,1.0
67,731,1.0
67,8414,1.0
177,1578,1.0
177,324,1.0
177,474,1.0
177,225,1.0
177,4438,1.0
177,1397,1.0
177,431,1.0
177,1446,1.0
177,731,1.0
177,8414,1.0
111,1578,1.0
111,324,1.0
111,474,1.0
111,225,1.0
111,4438,1.0
111,1397,1.0
111,431,1.0
111,1446,1.0
111,731,1.0
111,8414,1.0
620,1578,1.0
620,324,1.0
620,474,1.0
620,225,1.0
620,4438,1.0
620,1397,1.0
620,431,1.0
620,1446,1.0
620,731,1.0
620,8414,1.0
411,1578,1.0
411,324,1.0
411,474,1.0
411,225,1.0
411,4438,1.0
411,1397,1.0
411,431,1.0
411,1446,1.0
411,731,1.0
411,8414,1.0
306,1578,1.0
306,324,1.0
306,474,1.0
306,225,1.0
306,4438,1.0
306,1397,1.0
306,431,1.0
306,1446,1.0
306,731,1.0
306,8414,1.0
287,1578,1.0
287,324,1.0
287,474,1.0
287,225,1.0
287,4438,1.0
287,1397,1.0
287,431,1.0
287,1446,1.0
287,731,1.0
287,8414,1.0
163,1578,1.0
163,324,1.0
163,474,1.0
163,225,1.0
163,4438,1.0
163,1397,1.0
163,431,1.0
163,1446,1.0
163,731,1.0
163,8414,1.0
297,1578,1.0
297,324,1.0
297,474,1.0
297,225,1.0
297,4438,1.0
297,1397,1.0
297,431,1.0
297,1446,1.0
297,731,1.0
297,8414,1.0
640,1578,1.0
640,474,1.0
640,225,1.0
640,4438,1.0
640,1397,1.0
640,431,1.0
640,1446,1.0
640,731,1.0
640,8414,1.0
640,243,1.0
366,1578,1.0
366,324,1.0
366,474,1.0
366,225,1.0
366,4438,1.0
366,1397,1.0
366,431,1.0
366,1446,1.0
366,731,1.0
366,8414,1.0
93,324,1.0
93,225,1.0
93,4438,1.0
93,1397,1.0
93,431,1.0
93,1446,1.0
93,731,1.0
93,8414,1.0
93,243,1.0
93,1967,1.0
2,1578,1.0
2,324,1.0
2,474,1.0
2,225,1.0
2,4438,1.0
2,1397,1.0
2,431,1.0
2,1446,1.0
2,731,1.0
2,8414,1.0
139,1578,1.0
139,324,1.0
139,474,1.0
139,225,1.0
139,4438,1.0
139,1397,1.0
139,431,1.0
139,1446,1.0
139,731,1.0
139,8414,1.0
276,1578,1.0
276,324,1.0
276,474,1.0
276,225,1.0
276,4438,1.0
276,1397,1.0
276,431,1.0
276,1446,1.0
276,731,1.0
276,8414,1.0
393,1578,1.0
393,474,1.0
393,225,1.0
393,4438,1.0
393,1397,1.0
393,431,1.0
393,1446,1.0
393,8414,1.0
393,243,1.0
393,1967,1.0
634,1578,1.0
634,324,1.0
634,474,1.0
634,225,1.0
634,4438,1.0
634,1397,1.0
634,431,1.0
634,1446,1.0
634,731,1.0
634,8414,1.0
544,1578,1.0
544,324,1.0
544,474,1.0
544,225,1.0
544,4438,1.0
544,1397,1.0
544,431,1.0
544,1446,1.0
544,731,1.0
544,8414,1.0
310,1578,1.0
310,324,1.0
310,474,1.0
310,225,1.0
310,4438,1.0
310,1397,1.0
310,431,1.0
310,1446,1.0
310,731,1.0
310,8414,1.0
522,1578,1.0
522,324,1.0
522,474,1.0
522,225,1.0
522,4438,1.0
522,1397,1.0
522,431,1.0
522,1446,1.0
522,731,1.0
522,8414,1.0
558,1578,1.0
558,324,1.0
558,474,1.0
558,4438,1.0
558,1397,1.0
558,431,1.0
558,1446,1.0
558,731,1.0
558,8414,1.0
558,1967,1.0
31,1578,1.0
31,324,1.0
31,474,1.0
31,225,1.0
31,4438,1.0
31,1397,1.0
31,431,1.0
31,1446,1.0
31,731,1.0
31,8414,1.0
362,1578,1.0
362,324,1.0
362,474,1.0
362,225,1.0
362,4438,1.0
362,1397,1.0
362,1446,1.0
362,8414,1.0
362,1967,1.0
362,197,1.0
434,1578,1.0
434,324,1.0
434,474,1.0
434,225,1.0
434,4438,1.0
434,1397,1.0
434,431,1.0
434,1446,1.0
434,731,1.0
434,8414,1.0
514,1578,1.0
514,324,1.0
514,474,1.0
514,225,1.0
514,4438,1.0
514,1397,1.0
514,431,1.0
514,1446,1.0
514,731,1.0
514,8414,1.0
469,1578,1.0
469,324,1.0
469,474,1.0
469,225,1.0
469,4438,1.0
469,1397,1.0
469,431,1.0
469,1446,1.0
469,731,1.0
469,8414,1.0
265,1578,1.0
265,324,1.0
265,474,1.0
265,225,1.0
265,4438,1.0
265,1397,1.0
265,431,1.0
265,1446,1.0
265,731,1.0
265,8414,1.0
167,1578,1.0
167,324,1.0
167,474,1.0
167,225,1.0
167,4438,1.0
167,1397,1.0
167,431,1.0
167,1446,1.0
167,731,1.0
167,8414,1.0
185,1578,1.0
185,324,1.0
185,474,1.0
185,225,1.0
185,4438,1.0
185,1397,1.0
185,431,1.0
185,1446,1.0
185,731,1.0
185,8414,1.0
285,1578,1.0
285,324,1.0
285,474,1.0
285,225,1.0
285,4438,1.0
285,1397,1.0
285,431,1.0
285,1446,1.0
285,731,1.0
285,8414,1.0
619,1578,1.0
619,324,1.0
619,474,1.0
619,225,1.0
619,4438,1.0
619,1397,1.0
619,431,1.0
619,1446,1.0
619,731,1.0
619,8414,1.0
361,1578,1.0
361,324,1.0
361,4438,1.0
361,1397,1.0
361,431,1.0
361,1446,1.0
361,731,1.0
361,8414,1.0
361,243,1.0
361,1967,1.0
432,1578,1.0
432,324,1.0
432,474,1.0
432,4438,1.0
432,431,1.0
432,1446,1.0
432,731,1.0
432,8414,1.0
432,243,1.0
432,1967,1.0
413,1578,1.0
413,324,1.0
413,474,1.0
413,225,1.0
413,4438,1.0
413,1397,1.0
413,431,1.0
413,1446,1.0
413,731,1.0
413,8414,1.0
651,1578,1.0
651,474,1.0
651,4438,1.0
651,1397,1.0
651,431,1.0
651,1446,1.0
651,731,1.0
651,8414,1.0
651,243,1.0
651,1967,1.0
664,1578,1.0
664,225,1.0
664,4438,1.0
664,1397,1.0
664,431,1.0
664,1446,1.0
664,731,1.0
664,8414,1.0
664,243,1.0
664,1967,1.0
108,1578,1.0
108,324,1.0
108,474,1.0
108,225,1.0
108,4438,1.0
108,1397,1.0
108,431,1.0
108,1446,1.0
108,731,1.0
108,8414,1.0
301,1578,1.0
301,324,1.0
301,474,1.0
301,225,1.0
301,4438,1.0
301,1397,1.0
301,431,1.0
301,1446,1.0
301,731,1.0
301,8414,1.0
300,324,1.0
300,474,1.0
300,225,1.0
300,4438,1.0
300,1397,1.0
300,431,1.0
300,1446,1.0
300,731,1.0
300,8414,1.0
300,243,1.0
302,324,1.0
302,474,1.0
302,225,1.0
302,4438,1.0
302,1397,1.0
302,431,1.0
302,1446,1.0
302,731,1.0
302,8414,1.0
302,243,1.0
375,1578,1.0
375,324,1.0
375,474,1.0
375,4438,1.0
375,1397,1.0
375,431,1.0
375,1446,1.0
375,731,1.0
375,8414,1.0
375,243,1.0
142,1578,1.0
142,324,1.0
142,474,1.0
142,225,1.0
142,4438,1.0
142,1397,1.0
142,431,1.0
142,1446,1.0
142,731,1.0
142,8414,1.0
488,1578,1.0
488,324,1.0
488,474,1.0
488,225,1.0
488,4438,1.0
488,1397,1.0
488,431,1.0
488,1446,1.0
488,731,1.0
488,8414,1.0
303,1578,1.0
303,324,1.0
303,474,1.0
303,225,1.0
303,4438,1.0
303,1397,1.0
303,431,1.0
303,1446,1.0
303,731,1.0
303,8414,1.0
221,1578,1.0
221,324,1.0
221,474,1.0
221,225,1.0
221,4438,1.0
221,1397,1.0
221,431,1.0
221,1446,1.0
221,8414,1.0
221,243,1.0
327,1578,1.0
327,324,1.0
327,474,1.0
327,225,1.0
327,4438,1.0
327,1397,1.0
327,1446,1.0
327,8414,1.0
327,1967,1.0
327,197,1.0
643,1578,1.0
643,324,1.0
643,474,1.0
643,225,1.0
643,4438,1.0
643,1397,1.0
643,431,1.0
643,1446,1.0
643,731,1.0
643,8414,1.0
339,1578,1.0
339,324,1.0
339,474,1.0
339,225,1.0
339,4438,1.0
339,1397,1.0
339,431,1.0
339,1446,1.0
339,731,1.0
339,8414,1.0
92,1578,1.0
92,474,1.0
92,4438,1.0
92,1397,1.0
92,431,1.0
92,1446,1.0
92,731,1.0
92,8414,1.0
92,243,1.0
92,1967,1.0
182,1578,1.0
182,324,1.0
182,474,1.0
182,4438,1.0
182,1397,1.0
182,431,1.0
182,1446,1.0
182,731,1.0
182,8414,1.0
182,243,1.0
629,1578,1.0
629,324,1.0
629,474,1.0
629,225,1.0
629,4438,1.0
629,1397,1.0
629,431,1.0
629,1446,1.0
629,731,1.0
629,8414,1.0
173,1578,1.0
173,324,1.0
173,474,1.0
173,225,1.0
173,4438,1.0
173,1397,1.0
173,431,1.0
173,1446,1.0
173,731,1.0
173,8414,1.0
494,1578,1.0
494,324,1.0
494,474,1.0
494,225,1.0
494,4438,1.0
494,1397,1.0
494,431,1.0
494,1446,1.0
494,731,1.0
494,8414,1.0
527,1578,1.0
527,324,1.0
527,474,1.0
527,225,1.0
527,4438,1.0
527,1397,1.0
527,431,1.0
527,1446,1.0
527,8414,1.0
527,243,1.0
117,1578,1.0
117,324,1.0
117,474,1.0
117,225,1.0
117,4438,1.0
117,1397,1.0
117,431,1.0
117,1446,1.0
117,731,1.0
117,8414,1.0
218,1578,1.0
218,324,1.0
218,474,1.0
218,225,1.0
218,4438,1.0
218,1397,1.0
218,431,1.0
218,1446,1.0
218,731,1.0
218,8414,1.0
137,1578,1.0
137,324,1.0
137,474,1.0
137,225,1.0
137,4438,1.0
137,1397,1.0
137,431,1.0
137,1446,1.0
137,731,1.0
137,8414,1.0
335,1578,1.0
335,324,1.0
335,474,1.0
335,225,1.0
335,4438,1.0
335,1397,1.0
335,431,1.0
335,1446,1.0
335,731,1.0
335,8414,1.0
618,1578,1.0
618,324,1.0
618,474,1.0
618,225,1.0
618,4438,1.0
618,1397,1.0
618,431,1.0
618,1446,1.0
618,731,1.0
618,8414,1.0
73,1578,1.0
73,324,1.0
73,474,1.0
73,4438,1.0
73,1397,1.0
73,431,1.0
73,1446,1.0
73,731,1.0
73,8414,1.0
73,243,1.0
390,1578,1.0
390,324,1.0
390,474,1.0
390,225,1.0
390,4438,1.0
390,1397,1.0
390,431,1.0
390,1446,1.0
390,731,1.0
390,8414,1.0
472,1578,1.0
472,324,1.0
472,474,1.0
472,225,1.0
472,4438,1.0
472,1397,1.0
472,431,1.0
472,1446,1.0
472,731,1.0
472,8414,1.0
346,1578,1.0
346,324,1.0
346,474,1.0
346,225,1.0
346,4438,1.0
346,1397,1.0
346,431,1.0
346,1446,1.0
346,731,1.0
346,8414,1.0
455,1578,1.0
455,324,1.0
455,474,1.0
455,225,1.0
455,4438,1.0
455,1397,1.0
455,431,1.0
455,1446,1.0
455,731,1.0
455,8414,1.0
116,1578,1.0
116,324,1.0
116,474,1.0
116,225,1.0
116,4438,1.0
116,1397,1.0
116,431,1.0
116,1446,1.0
116,731,1.0
116,8414,1.0
530,1578,1.0
530,324,1.0
530,474,1.0
530,225,1.0
530,4438,1.0
530,1397,1.0
530,431,1.0
530,1446,1.0
530,731,1.0
530,8414,1.0
292,1578,1.0
292,324,1.0
292,474,1.0
292,225,1.0
292,4438,1.0
292,1397,1.0
292,431,1.0
292,1446,1.0
292,731,1.0
292,8414,1.0
501,1578,1.0
501,324,1.0
501,474,1.0
501,225,1.0
501,4438,1.0
501,1397,1.0
501,1446,1.0
501,731,1.0
501,8414,1.0
501,243,1.0
183,1578,1.0
183,324,1.0
183,474,1.0
183,225,1.0
183,4438,1.0
183,1397,1.0
183,431,1.0
183,1446,1.0
183,731,1.0
183,8414,1.0
670,1578,1.0
670,324,1.0
670,474,1.0
670,225,1.0
670,4438,1.0
670,1397,1.0
670,1446,1.0
670,731,1.0
670,8414,1.0
670,243,1.0
505,1578,1.0
505,324,1.0
505,474,1.0
505,225,1.0
505,4438,1.0
505,1397,1.0
505,431,1.0
505,1446,1.0
505,731,1.0
505,8414,1.0
437,1578,1.0
437,324,1.0
437,474,1.0
437,225,1.0
437,4438,1.0
437,1397,1.0
437,431,1.0
437,1446,1.0
437,731,1.0
437,8414,1.0
388,1578,1.0
388,324,1.0
388,474,1.0
388,225,1.0
388,4438,1.0
388,1397,1.0
388,431,1.0
388,1446,1.0
388,731,1.0
388,8414,1.0
555,1578,1.0
555,324,1.0
555,474,1.0
555,225,1.0
555,4438,1.0
555,1397,1.0
555,431,1.0
555,1446,1.0
555,731,1.0
555,8414,1.0
512,1578,1.0
512,324,1.0
512,474,1.0
512,225,1.0
512,4438,1.0
512,1397,1.0
512,431,1.0
512,1446,1.0
512,731,1.0
512,8414,1.0
481,1578,1.0
481,324,1.0
481,474,1.0
481,225,1.0
481,4438,1.0
481,1397,1.0
481,431,1.0
481,1446,1.0
481,731,1.0
481,8414,1.0
424,1578,1.0
424,324,1.0
424,474,1.0
424,225,1.0
424,4438,1.0
424,1397,1.0
424,431,1.0
424,1446,1.0
424,731,1.0
424,8414,1.0
441,1578,1.0
441,324,1.0
441,474,1.0
441,225,1.0
441,4438,1.0
441,1397,1.0
441,431,1.0
441,1446,1.0
441,731,1.0
441,8414,1.0
254,324,1.0
254,474,1.0
254,225,1.0
254,4438,1.0
254,1397,1.0
254,431,1.0
254,1446,1.0
254,731,1.0
254,8414,1.0
254,243,1.0
492,1578,1.0
492,474,1.0
492,225,1.0
492,4438,1.0
492,1397,1.0
492,431,1.0
492,1446,1.0
492,731,1.0
492,8414,1.0
492,243,1.0
428,1578,1.0
428,324,1.0
428,474,1.0
428,225,1.0
428,4438,1.0
428,1397,1.0
428,431,1.0
428,1446,1.0
428,731,1.0
428,8414,1.0
124,1578,1.0
124,324,1.0
124,4438,1.0
124,1397,1.0
124,431,1.0
124,1446,1.0
124,731,1.0
124,8414,1.0
124,243,1.0
124,1967,1.0
36,1578,1.0
36,324,1.0
36,474,1.0
36,225,1.0
36,4438,1.0
36,1397,1.0
36,431,1.0
36,1446,1.0
36,731,1.0
36,8414,1.0
201,1578,1.0
201,324,1.0
201,474,1.0
201,225,1.0
201,4438,1.0
201,1397,1.0
201,431,1.0
201,1446,1.0
201,731,1.0
201,8414,1.0
236,1578,1.0
236,324,1.0
236,474,1.0
236,225,1.0
236,4438,1.0
236,1397,1.0
236,431,1.0
236,1446,1.0
236,731,1.0
236,8414,1.0
158,1578,1.0
158,324,1.0
158,225,1.0
158,4438,1.0
158,1397,1.0
158,1446,1.0
158,731,1.0
158,8414,1.0
158,243,1.0
158,1967,1.0
234,1578,1.0
234,225,1.0
234,4438,1.0
234,1397,1.0
234,431,1.0
234,1446,1.0
234,731,1.0
234,8414,1.0
234,243,1.0
234,1967,1.0
415,1578,1.0
415,474,1.0
415,225,1.0
415,4438,1.0
415,1397,1.0
415,431,1.0
415,1446,1.0
415,731,1.0
415,8414,1.0
415,243,1.0
396,1578,1.0
396,324,1.0
396,474,1.0
396,225,1.0
396,4438,1.0
396,1397,1.0
396,431,1.0
396,1446,1.0
396,731,1.0
396,8414,1.0
193,1578,1.0
193,324,1.0
193,474,1.0
193,225,1.0
193,4438,1.0
193,1397,1.0
193,431,1.0
193,1446,1.0
193,731,1.0
193,8414,1.0
80,1578,1.0
80,324,1.0
80,474,1.0
80,225,1.0
80,4438,1.0
80,1397,1.0
80,431,1.0
80,1446,1.0
80,8414,1.0
80,243,1.0
50,1578,1.0
50,324,1.0
50,474,1.0
50,225,1.0
50,4438,1.0
50,1397,1.0
50,431,1.0
50,1446,1.0
50,731,1.0
50,8414,1.0
154,1578,1.0
154,324,1.0
154,474,1.0
154,225,1.0
154,4438,1.0
154,1397,1.0
154,431,1.0
154,1446,1.0
154,731,1.0
154,8414,1.0
23,1578,1.0
23,324,1.0
23,474,1.0
23,225,1.0
23,4438,1.0
23,1397,1.0
23,431,1.0
23,1446,1.0
23,731,1.0
23,8414,1.0
49,1578,1.0
49,324,1.0
49,474,1.0
49,225,1.0
49,4438,1.0
49,1397,1.0
49,431,1.0
49,1446,1.0
49,731,1.0
49,8414,1.0
353,1578,1.0
353,324,1.0
353,474,1.0
353,225,1.0
353,4438,1.0
353,1397,1.0
353,431,1.0
353,1446,1.0
353,731,1.0
353,8414,1.0
338,1578,1.0
338,324,1.0
338,474,1.0
338,225,1.0
338,4438,1.0
338,1397,1.0
338,431,1.0
338,1446,1.0
338,731,1.0
338,8414,1.0
223,1578,1.0
223,324,1.0
223,474,1.0
223,225,1.0
223,4438,1.0
223,1397,1.0
223,431,1.0
223,1446,1.0
223,731,1.0
223,8414,1.0
150,1578,1.0
150,324,1.0
150,474,1.0
150,225,1.0
150,4438,1.0
150,1397,1.0
150,431,1.0
150,1446,1.0
150,731,1.0
150,8414,1.0
343,1578,1.0
343,324,1.0
343,474,1.0
343,225,1.0
343,4438,1.0
343,1397,1.0
343,431,1.0
343,1446,1.0
343,731,1.0
343,8414,1.0
435,1578,1.0
435,324,1.0
435,474,1.0
435,225,1.0
435,4438,1.0
435,1397,1.0
435,431,1.0
435,1446,1.0
435,731,1.0
435,8414,1.0
551,1578,1.0
551,324,1.0
551,474,1.0
551,225,1.0
551,4438,1.0
551,1397,1.0
551,431,1.0
551,1446,1.0
551,731,1.0
551,8414,1.0
123,1578,1.0
123,324,1.0
123,474,1.0
123,4438,1.0
123,1397,1.0
123,431,1.0
123,1446,1.0
123,731,1.0
123,8414,1.0
123,243,1.0
405,1578,1.0
405,324,1.0
405,474,1.0
405,225,1.0
405,4438,1.0
405,1397,1.0
405,431,1.0
405,1446,1.0
405,731,1.0
405,8414,1.0
450,1578,1.0
450,324,1.0
450,474,1.0
450,225,1.0
450,4438,1.0
450,1397,1.0
450,431,1.0
450,1446,1.0
450,731,1.0
450,8414,1.0
487,1578,1.0
487,324,1.0
487,474,1.0
487,225,1.0
487,4438,1.0
487,1397,1.0
487,431,1.0
487,1446,1.0
487,731,1.0
487,8414,1.0
40,1578,1.0
40,324,1.0
40,474,1.0
40,225,1.0
40,4438,1.0
40,1397,1.0
40,431,1.0
40,1446,1.0
40,731,1.0
40,8414,1.0
278,1578,1.0
278,324,1.0
278,474,1.0
278,225,1.0
278,4438,1.0
278,1397,1.0
278,431,1.0
278,1446,1.0
278,731,1.0
278,8414,1.0
659,1578,1.0
659,324,1.0
659,474,1.0
659,225,1.0
659,4438,1.0
659,1397,1.0
659,431,1.0
659,1446,1.0
659,731,1.0
659,8414,1.0
392,1578,1.0
392,324,1.0
392,474,1.0
392,225,1.0
392,4438,1.0
392,1397,1.0
392,431,1.0
392,1446,1.0
392,731,1.0
392,8414,1.0
144,1578,1.0
144,474,1.0
144,225,1.0
144,4438,1.0
144,1397,1.0
144,431,1.0
144,1446,1.0
144,731,1.0
144,8414,1.0
144,243,1.0
449,1578,1.0
449,324,1.0
449,225,1.0
449,4438,1.0
449,1397,1.0
449,431,1.0
449,1446,1.0
449,731,1.0
449,8414,1.0
449,243,1.0
170,1578,1.0
170,324,1.0
170,474,1.0
170,225,1.0
170,4438,1.0
170,1397,1.0
170,431,1.0
170,1446,1.0
170,731,1.0
170,8414,1.0
7,1578,1.0
7,324,1.0
7,4438,1.0
7,1397,1.0
7,431,1.0
7,1446,1.0
7,731,1.0
7,8414,1.0
7,243,1.0
7,1967,1.0
295,1578,1.0
295,324,1.0
295,474,1.0
295,225,1.0
295,4438,1.0
295,1397,1.0
295,431,1.0
295,1446,1.0
295,731,1.0
295,8414,1.0
203,1578,1.0
203,324,1.0
203,474,1.0
203,225,1.0
203,4438,1.0
203,1397,1.0
203,431,1.0
203,1446,1.0
203,731,1.0
203,8414,1.0
371,1578,1.0
371,474,1.0
371,225,1.0
371,4438,1.0
371,1397,1.0
371,431,1.0
371,1446,1.0
371,731,1.0
371,8414,1.0
371,243,1.0
523,1578,1.0
523,324,1.0
523,225,1.0
523,4438,1.0
523,1397,1.0
523,431,1.0
523,1446,1.0
523,731,1.0
523,8414,1.0
523,243,1.0
222,1578,1.0
222,324,1.0
222,474,1.0
222,225,1.0
222,4438,1.0
222,1397,1.0
222,431,1.0
222,1446,1.0
222,731,1.0
222,8414,1.0
347,1578,1.0
347,324,1.0
347,474,1.0
347,225,1.0
347,4438,1.0
347,1397,1.0
347,431,1.0
347,1446,1.0
347,731,1.0
347,8414,1.0
290,1578,1.0
290,324,1.0
290,474,1.0
290,225,1.0
290,4438,1.0
290,1397,1.0
290,431,1.0
290,1446,1.0
290,731,1.0
290,8414,1.0
453,1578,1.0
453,324,1.0
453,474,1.0
453,225,1.0
453,4438,1.0
453,1397,1.0
453,431,1.0
453,1446,1.0
453,731,1.0
453,8414,1.0
446,1578,1.0
446,324,1.0
446,474,1.0
446,225,1.0
446,4438,1.0
446,1397,1.0
446,431,1.0
446,1446,1.0
446,731,1.0
446,8414,1.0
39,1578,1.0
39,324,1.0
39,474,1.0
39,225,1.0
39,4438,1.0
39,1397,1.0
39,431,1.0
39,1446,1.0
39,731,1.0
39,8414,1.0
61,1578,1.0
61,324,1.0
61,225,1.0
61,4438,1.0
61,1397,1.0
61,431,1.0
61,1446,1.0
61,731,1.0
61,8414,1.0
61,243,1.0
495,1578,1.0
495,474,1.0
495,225,1.0
495,4438,1.0
495,1397,1.0
495,431,1.0
495,1446,1.0
495,731,1.0
495,8414,1.0
495,243,1.0
419,1578,1.0
419,324,1.0
419,474,1.0
419,225,1.0
419,4438,1.0
419,1397,1.0
419,431,1.0
419,1446,1.0
419,731,1.0
419,8414,1.0
439,1578,1.0
439,324,1.0
439,474,1.0
439,225,1.0
439,4438,1.0
439,1397,1.0
439,431,1.0
439,1446,1.0
439,731,1.0
439,8414,1.0
189,1578,1.0
189,324,1.0
189,474,1.0
189,225,1.0
189,4438,1.0
189,1397,1.0
189,431,1.0
189,1446,1.0
189,731,1.0
189,8414,1.0
165,1578,1.0
165,324,1.0
165,474,1.0
165,225,1.0
165,4438,1.0
165,1397,1.0
165,431,1.0
165,1446,1.0
165,731,1.0
165,8414,1.0
252,1578,1.0
252,4438,1.0
252,1397,1.0
252,431,1.0
252,1446,1.0
252,731,1.0
252,8414,1.0
252,243,1.0
252,1967,1.0
252,197,1.0
625,1578,1.0
625,324,1.0
625,474,1.0
625,225,1.0
625,4438,1.0
625,1397,1.0
625,431,1.0
625,1446,1.0
625,731,1.0
625,8414,1.0
569,1578,1.0
569,324,1.0
569,474,1.0
569,225,1.0
569,4438,1.0
569,1397,1.0
569,431,1.0
569,1446,1.0
569,731,1.0
569,8414,1.0
477,324,1.0
477,474,1.0
477,225,1.0
477,4438,1.0
477,1397,1.0
477,431,1.0
477,1446,1.0
477,731,1.0
477,8414,1.0
477,243,1.0
592,1578,1.0
592,474,1.0
592,225,1.0
592,4438,1.0
592,1397,1.0
592,431,1.0
592,1446,1.0
592,731,1.0
592,8414,1.0
592,243,1.0
562,1578,1.0
562,324,1.0
562,225,1.0
562,4438,1.0
562,1397,1.0
562,431,1.0
562,1446,1.0
562,731,1.0
562,8414,1.0
562,243,1.0
141,1578,1.0
141,324,1.0
141,474,1.0
141,225,1.0
141,4438,1.0
141,1397,1.0
141,431,1.0
141,1446,1.0
141,731,1.0
141,8414,1.0
326,1578,1.0
326,324,1.0
326,474,1.0
326,225,1.0
326,4438,1.0
326,1397,1.0
326,431,1.0
326,1446,1.0
326,731,1.0
326,8414,1.0
403,1578,1.0
403,324,1.0
403,225,1.0
403,4438,1.0
403,1397,1.0
403,431,1.0
403,1446,1.0
403,731,1.0
403,8414,1.0
403,243,1.0
342,1578,1.0
342,324,1.0
342,474,1.0
342,225,1.0
342,4438,1.0
342,1397,1.0
342,1446,1.0
342,731,1.0
342,8414,1.0
342,243,1.0
658,1578,1.0
658,324,1.0
658,474,1.0
658,225,1.0
658,4438,1.0
658,1397,1.0
658,431,1.0
658,1446,1.0
658,731,1.0
658,8414,1.0
64,1578,1.0
64,324,1.0
64,474,1.0
64,225,1.0
64,4438,1.0
64,1397,1.0
64,431,1.0
64,1446,1.0
64,731,1.0
64,8414,1.0
253,1578,1.0
253,324,1.0
253,474,1.0
253,225,1.0
253,4438,1.0
253,1397,1.0
253,431,1.0
253,1446,1.0
253,8414,1.0
253,243,1.0
51,1578,1.0
51,324,1.0
51,474,1.0
51,225,1.0
51,4438,1.0
51,1397,1.0
51,431,1.0
51,1446,1.0
51,731,1.0
51,8414,1.0
627,1578,1.0
627,324,1.0
627,474,1.0
627,225,1.0
627,4438,1.0
627,1397,1.0
627,431,1.0
627,1446,1.0
627,731,1.0
627,8414,1.0
542,1578,1.0
542,324,1.0
542,474,1.0
542,225,1.0
542,4438,1.0
542,1397,1.0
542,431,1.0
542,1446,1.0
542,731,1.0
542,8414,1.0
341,1578,1.0
341,324,1.0
341,474,1.0
341,4438,1.0
341,1397,1.0
341,431,1.0
341,1446,1.0
341,8414,1.0
341,243,1.0
341,1967,1.0
209,1578,1.0
209,324,1.0
209,474,1.0
209,225,1.0
209,4438,1.0
209,1397,1.0
209,431,1.0
209,1446,1.0
209,731,1.0
209,8414,1.0
628,1578,1.0
628,474,1.0
628,225,1.0
628,4438,1.0
628,1397,1.0
628,431,1.0
628,1446,1.0
628,731,1.0
628,8414,1.0
628,243,1.0
190,1578,1.0
190,324,1.0
190,474,1.0
190,225,1.0
190,4438,1.0
190,1397,1.0
190,431,1.0
190,1446,1.0
190,731,1.0
190,8414,1.0
244,1578,1.0
244,324,1.0
244,225,1.0
244,4438,1.0
244,1397,1.0
244,431,1.0
244,1446,1.0
244,731,1.0
244,8414,1.0
244,243,1.0
328,1578,1.0
328,324,1.0
328,474,1.0
328,225,1.0
328,4438,1.0
328,1397,1.0
328,431,1.0
328,1446,1.0
328,731,1.0
328,8414,1.0
282,1578,1.0
282,4438,1.0
282,1397,1.0
282,1446,1.0
282,731,1.0
282,8414,1.0
282,243,1.0
282,1967,1.0
282,787,1.0
282,2655,1.0
509,1578,1.0
509,324,1.0
509,474,1.0
509,225,1.0
509,4438,1.0
509,1397,1.0
509,431,1.0
509,1446,1.0
509,731,1.0
509,8414,1.0
106,1578,1.0
106,324,1.0
106,474,1.0
106,225,1.0
106,4438,1.0
106,1397,1.0
106,431,1.0
106,1446,1.0
106,731,1.0
106,8414,1.0
378,1578,1.0
378,324,1.0
378,474,1.0
378,4438,1.0
378,1397,1.0
378,431,1.0
378,1446,1.0
378,731,1.0
378,8414,1.0
378,243,1.0
612,1578,1.0
612,324,1.0
612,474,1.0
612,225,1.0
612,4438,1.0
612,1397,1.0
612,1446,1.0
612,731,1.0
612,8414,1.0
612,243,1.0
228,1578,1.0
228,324,1.0
228,474,1.0
228,225,1.0
228,4438,1.0
228,1397,1.0
228,431,1.0
228,1446,1.0
228,731,1.0
228,8414,1.0
358,1578,1.0
358,324,1.0
358,474,1.0
358,225,1.0
358,4438,1.0
358,1397,1.0
358,431,1.0
358,1446,1.0
358,731,1.0
358,8414,1.0
398,1578,1.0
398,324,1.0
398,474,1.0
398,225,1.0
398,4438,1.0
398,1397,1.0
398,431,1.0
398,1446,1.0
398,731,1.0
398,8414,1.0
593,1578,1.0
593,324,1.0
593,474,1.0
593,225,1.0
593,4438,1.0
593,1397,1.0
593,431,1.0
593,1446,1.0
593,731,1.0
593,8414,1.0
486,1578,1.0
486,474,1.0
486,225,1.0
486,4438,1.0
486,1397,1.0
486,431,1.0
486,1446,1.0
486,731,1.0
486,8414,1.0
486,243,1.0
289,1578,1.0
289,324,1.0
289,474,1.0
289,225,1.0
289,4438,1.0
289,1397,1.0
289,431,1.0
289,1446,1.0
289,731,1.0
289,8414,1.0
585,1578,1.0
585,324,1.0
585,474,1.0
585,225,1.0
585,4438,1.0
585,1397,1.0
585,431,1.0
585,1446,1.0
585,731,1.0
585,8414,1.0
630,1578,1.0
630,324,1.0
630,474,1.0
630,225,1.0
630,4438,1.0
630,1397,1.0
630,431,1.0
630,1446,1.0
630,731,1.0
630,8414,1.0
83,1578,1.0
83,324,1.0
83,474,1.0
83,225,1.0
83,4438,1.0
83,1397,1.0
83,431,1.0
83,1446,1.0
83,731,1.0
83,8414,1.0
610,1578,1.0
610,324,1.0
610,474,1.0
610,225,1.0
610,4438,1.0
610,1397,1.0
610,431,1.0
610,1446,1.0
610,731,1.0
610,8414,1.0
5,1578,1.0
5,324,1.0
5,474,1.0
5,225,1.0
5,4438,1.0
5,1397,1.0
5,431,1.0
5,1446,1.0
5,731,1.0
5,8414,1.0
197,1578,1.0
197,324,1.0
197,225,1.0
197,4438,1.0
197,1397,1.0
197,431,1.0
197,1446,1.0
197,731,1.0
197,8414,1.0
197,243,1.0
657,1578,1.0
657,324,1.0
657,474,1.0
657,225,1.0
657,4438,1.0
657,1397,1.0
657,431,1.0
657,1446,1.0
657,731,1.0
657,8414,1.0
368,1578,1.0
368,474,1.0
368,225,1.0
368,4438,1.0
368,1397,1.0
368,431,1.0
368,1446,1.0
368,731,1.0
368,8414,1.0
368,243,1.0
570,1578,1.0
570,324,1.0
570,474,1.0
570,225,1.0
570,4438,1.0
570,1397,1.0
570,431,1.0
570,1446,1.0
570,731,1.0
570,8414,1.0
274,1578,1.0
274,324,1.0
274,474,1.0
274,225,1.0
274,4438,1.0
274,1397,1.0
274,431,1.0
274,1446,1.0
274,731,1.0
274,8414,1.0
641,1578,1.0
641,324,1.0
641,474,1.0
641,225,1.0
641,4438,1.0
641,1397,1.0
641,431,1.0
641,1446,1.0
641,731,1.0
641,8414,1.0
575,1578,1.0
575,324,1.0
575,474,1.0
575,225,1.0
575,4438,1.0
575,1397,1.0
575,431,1.0
575,1446,1.0
575,731,1.0
575,8414,1.0
122,1578,1.0
122,324,1.0
122,474,1.0
122,225,1.0
122,4438,1.0
122,1397,1.0
122,431,1.0
122,1446,1.0
122,731,1.0
122,8414,1.0
251,1578,1.0
251,324,1.0
251,474,1.0
251,225,1.0
251,4438,1.0
251,1397,1.0
251,431,1.0
251,1446,1.0
251,731,1.0
251,8414,1.0
9,1578,1.0
9,324,1.0
9,474,1.0
9,225,1.0
9,4438,1.0
9,1397,1.0
9,431,1.0
9,1446,1.0
9,731,1.0
9,8414,1.0
571,324,1.0
571,474,1.0
571,225,1.0
571,4438,1.0
571,1397,1.0
571,431,1.0
571,1446,1.0
571,731,1.0
571,8414,1.0
571,243,1.0
608,1578,1.0
608,324,1.0
608,474,1.0
608,225,1.0
608,4438,1.0
608,1397,1.0
608,431,1.0
608,1446,1.0
608,731,1.0
608,8414,1.0
68,1578,1.0
68,474,1.0
68,225,1.0
68,4438,1.0
68,1397,1.0
68,431,1.0
68,1446,1.0
68,731,1.0
68,8414,1.0
68,243,1.0
19,1578,1.0
19,474,1.0
19,225,1.0
19,4438,1.0
19,1397,1.0
19,1446,1.0
19,731,1.0
19,8414,1.0
19,243,1.0
19,1967,1.0
169,1578,1.0
169,324,1.0
169,474,1.0
169,225,1.0
169,4438,1.0
169,1397,1.0
169,431,1.0
169,1446,1.0
169,731,1.0
169,8414,1.0
214,1578,1.0
214,324,1.0
214,474,1.0
214,225,1.0
214,4438,1.0
214,1397,1.0
214,431,1.0
214,1446,1.0
214,731,1.0
214,8414,1.0
391,1578,1.0
391,324,1.0
391,474,1.0
391,225,1.0
391,4438,1.0
391,1397,1.0
391,431,1.0
391,1446,1.0
391,731,1.0
391,8414,1.0
365,1578,1.0
365,324,1.0
365,474,1.0
365,225,1.0
365,4438,1.0
365,1397,1.0
365,431,1.0
365,1446,1.0
365,731,1.0
365,8414,1.0
334,1578,1.0
334,324,1.0
334,474,1.0
334,225,1.0
334,4438,1.0
334,1397,1.0
334,431,1.0
334,1446,1.0
334,731,1.0
334,8414,1.0
454,1578,1.0
454,324,1.0
454,474,1.0
454,225,1.0
454,4438,1.0
454,1397,1.0
454,431,1.0
454,1446,1.0
454,731,1.0
454,8414,1.0
622,1578,1.0
622,324,1.0
622,474,1.0
622,225,1.0
622,4438,1.0
622,1397,1.0
622,431,1.0
622,1446,1.0
622,731,1.0
622,8414,1.0
537,1578,1.0
537,324,1.0
537,474,1.0
537,225,1.0
537,4438,1.0
537,1397,1.0
537,431,1.0
537,1446,1.0
537,731,1.0
537,8414,1.0
621,1578,1.0
621,324,1.0
621,225,1.0
621,4438,1.0
621,1397,1.0
621,431,1.0
621,1446,1.0
621,731,1.0
621,8414,1.0
621,243,1.0
13,1578,1.0
13,324,1.0
13,474,1.0
13,225,1.0
13,4438,1.0
13,1397,1.0
13,431,1.0
13,1446,1.0
13,731,1.0
13,8414,1.0
376,1578,1.0
376,324,1.0
376,474,1.0
376,225,1.0
376,4438,1.0
376,1397,1.0
376,431,1.0
376,1446,1.0
376,731,1.0
376,8414,1.0
599,1578,1.0
599,324,1.0
599,474,1.0
599,225,1.0
599,4438,1.0
599,1397,1.0
599,431,1.0
599,1446,1.0
599,731,1.0
599,8414,1.0
187,1578,1.0
187,474,1.0
187,225,1.0
187,4438,1.0
187,1397,1.0
187,431,1.0
187,1446,1.0
187,731,1.0
187,8414,1.0
187,243,1.0
556,1578,1.0
556,324,1.0
556,474,1.0
556,225,1.0
556,4438,1.0
556,1397,1.0
556,431,1.0
556,1446,1.0
556,731,1.0
556,8414,1.0
30,1578,1.0
30,324,1.0
30,474,1.0
30,225,1.0
30,4438,1.0
30,1397,1.0
30,431,1.0
30,1446,1.0
30,731,1.0
30,8414,1.0
382,1578,1.0
382,324,1.0
382,474,1.0
382,225,1.0
382,4438,1.0
382,1397,1.0
382,431,1.0
382,1446,1.0
382,731,1.0
382,8414,1.0
304,1578,1.0
304,324,1.0
304,474,1.0
304,225,1.0
304,4438,1.0
304,1397,1.0
304,431,1.0
304,1446,1.0
304,731,1.0
304,8414,1.0
243,1578,1.0
243,324,1.0
243,474,1.0
243,225,1.0
243,4438,1.0
243,1397,1.0
243,431,1.0
243,1446,1.0
243,731,1.0
243,8414,1.0
78,1578,1.0
78,324,1.0
78,474,1.0
78,225,1.0
78,4438,1.0
78,1397,1.0
78,431,1.0
78,1446,1.0
78,731,1.0
78,8414,1.0
314,1578,1.0
314,324,1.0
314,474,1.0
314,225,1.0
314,4438,1.0
314,1397,1.0
314,431,1.0
314,1446,1.0
314,731,1.0
314,8414,1.0
140,1578,1.0
140,324,1.0
140,474,1.0
140,225,1.0
140,4438,1.0
140,1397,1.0
140,431,1.0
140,1446,1.0
140,731,1.0
140,8414,1.0
397,1578,1.0
397,324,1.0
397,474,1.0
397,225,1.0
397,4438,1.0
397,1397,1.0
397,431,1.0
397,1446,1.0
397,731,1.0
397,8414,1.0
384,1578,1.0
384,324,1.0
384,474,1.0
384,225,1.0
384,4438,1.0
384,1397,1.0
384,431,1.0
384,1446,1.0
384,731,1.0
384,8414,1.0
408,1578,1.0
408,324,1.0
408,474,1.0
408,225,1.0
408,4438,1.0
408,1397,1.0
408,431,1.0
408,1446,1.0
408,731,1.0
408,8414,1.0
153,1578,1.0
153,324,1.0
153,474,1.0
153,225,1.0
153,4438,1.0
153,1397,1.0
153,431,1.0
153,1446,1.0
153,731,1.0
153,8414,1.0
317,1578,1.0
317,324,1.0
317,474,1.0
317,225,1.0
317,4438,1.0
317,1397,1.0
317,431,1.0
317,1446,1.0
317,731,1.0
317,8414,1.0
205,1578,1.0
205,324,1.0
205,474,1.0
205,225,1.0
205,4438,1.0
205,1397,1.0
205,431,1.0
205,1446,1.0
205,731,1.0
205,8414,1.0
572,1578,1.0
572,324,1.0
572,474,1.0
572,225,1.0
572,4438,1.0
572,1397,1.0
572,431,1.0
572,1446,1.0
572,731,1.0
572,8414,1.0
668,1578,1.0
668,324,1.0
668,474,1.0
668,225,1.0
668,4438,1.0
668,1397,1.0
668,431,1.0
668,1446,1.0
668,731,1.0
668,8414,1.0
616,1578,1.0
616,324,1.0
616,474,1.0
616,225,1.0
616,4438,1.0
616,1397,1.0
616,431,1.0
616,1446,1.0
616,731,1.0
616,8414,1.0
99,1578,1.0
99,324,1.0
99,474,1.0
99,225,1.0
99,4438,1.0
99,1397,1.0
99,1446,1.0
99,731,1.0
99,8414,1.0
99,243,1.0
322,1578,1.0
322,324,1.0
322,474,1.0
322,225,1.0
322,4438,1.0
322,1397,1.0
322,431,1.0
322,1446,1.0
322,731,1.0
322,8414,1.0
215,1578,1.0
215,324,1.0
215,4438,1.0
215,1397,1.0
215,431,1.0
215,1446,1.0
215,731,1.0
215,8414,1.0
215,243,1.0
215,1967,1.0
510,1578,1.0
510,324,1.0
510,474,1.0
510,225,1.0
510,4438,1.0
510,1397,1.0
510,431,1.0
510,1446,1.0
510,731,1.0
510,8414,1.0
268,1578,1.0
268,324,1.0
268,474,1.0
268,225,1.0
268,4438,1.0
268,1397,1.0
268,431,1.0
268,1446,1.0
268,731,1.0
268,8414,1.0
179,1578,1.0
179,324,1.0
179,474,1.0
179,225,1.0
179,4438,1.0
179,1397,1.0
179,431,1.0
179,1446,1.0
179,731,1.0
179,8414,1.0
307,1578,1.0
307,324,1.0
307,474,1.0
307,225,1.0
307,4438,1.0
307,1397,1.0
307,431,1.0
307,1446,1.0
307,731,1.0
307,8414,1.0
125,1578,1.0
125,324,1.0
125,474,1.0
125,225,1.0
125,4438,1.0
125,1397,1.0
125,431,1.0
125,1446,1.0
125,731,1.0
125,8414,1.0
26,1578,1.0
26,324,1.0
26,474,1.0
26,225,1.0
26,4438,1.0
26,1397,1.0
26,431,1.0
26,1446,1.0
26,731,1.0
26,8414,1.0
152,1578,1.0
152,324,1.0
152,474,1.0
152,225,1.0
152,4438,1.0
152,1397,1.0
152,431,1.0
152,1446,1.0
152,731,1.0
152,8414,1.0
10,1578,1.0
10,324,1.0
10,474,1.0
10,225,1.0
10,4438,1.0
10,1397,1.0
10,431,1.0
10,1446,1.0
10,731,1.0
10,8414,1.0
162,1578,1.0
162,324,1.0
162,474,1.0
162,225,1.0
162,4438,1.0
162,1397,1.0
162,431,1.0
162,1446,1.0
162,731,1.0
162,8414,1.0
473,1578,1.0
473,324,1.0
473,474,1.0
473,225,1.0
473,4438,1.0
473,1397,1.0
473,431,1.0
473,1446,1.0
473,731,1.0
473,8414,1.0
506,1578,1.0
506,324,1.0
506,474,1.0
506,225,1.0
506,4438,1.0
506,1397,1.0
506,1446,1.0
506,731,1.0
506,8414,1.0
506,243,1.0
63,1578,1.0
63,324,1.0
63,474,1.0
63,225,1.0
63,4438,1.0
63,1397,1.0
63,431,1.0
63,1446,1.0
63,731,1.0
63,8414,1.0
275,1578,1.0
275,324,1.0
275,474,1.0
275,225,1.0
275,4438,1.0
275,1397,1.0
275,431,1.0
275,1446,1.0
275,731,1.0
275,8414,1.0
34,1578,1.0
34,324,1.0
34,474,1.0
34,225,1.0
34,4438,1.0
34,1397,1.0
34,431,1.0
34,1446,1.0
34,731,1.0
34,8414,1.0
600,1578,1.0
600,324,1.0
600,474,1.0
600,225,1.0
600,4438,1.0
600,1397,1.0
600,431,1.0
600,1446,1.0
600,731,1.0
600,8414,1.0
609,1578,1.0
609,324,1.0
609,474,1.0
609,225,1.0
609,4438,1.0
609,1397,1.0
609,431,1.0
609,1446,1.0
609,731,1.0
609,8414,1.0
336,1578,1.0
336,324,1.0
336,474,1.0
336,225,1.0
336,4438,1.0
336,1397,1.0
336,431,1.0
336,1446,1.0
336,731,1.0
336,8414,1.0
277,1578,1.0
277,324,1.0
277,474,1.0
277,4438,1.0
277,1397,1.0
277,431,1.0
277,1446,1.0
277,731,1.0
277,8414,1.0
277,243,1.0
503,1578,1.0
503,324,1.0
503,474,1.0
503,225,1.0
503,4438,1.0
503,1397,1.0
503,431,1.0
503,1446,1.0
503,731,1.0
503,8414,1.0
107,1578,1.0
107,324,1.0
107,474,1.0
107,225,1.0
107,4438,1.0
107,1397,1.0
107,431,1.0
107,1446,1.0
107,731,1.0
107,8414,1.0
416,1578,1.0
416,324,1.0
416,474,1.0
416,4438,1.0
416,1397,1.0
416,431,1.0
416,1446,1.0
416,731,1.0
416,8414,1.0
416,243,1.0
650,1578,1.0
650,324,1.0
650,474,1.0
650,225,1.0
650,4438,1.0
650,1397,1.0
650,431,1.0
650,1446,1.0
650,731,1.0
650,8414,1.0
423,1578,1.0
423,324,1.0
423,225,1.0
423,4438,1.0
423,1397,1.0
423,431,1.0
423,1446,1.0
423,731,1.0
423,8414,1.0
423,243,1.0
318,1578,1.0
318,324,1.0
318,474,1.0
318,225,1.0
318,4438,1.0
318,1397,1.0
318,431,1.0
318,1446,1.0
318,731,1.0
318,8414,1.0
553,1578,1.0
553,324,1.0
553,474,1.0
553,225,1.0
553,4438,1.0
553,1397,1.0
553,431,1.0
553,1446,1.0
553,731,1.0
553,8414,1.0
325,1578,1.0
325,324,1.0
325,474,1.0
325,225,1.0
325,4438,1.0
325,1397,1.0
325,431,1.0
325,1446,1.0
325,731,1.0
325,8414,1.0
155,1578,1.0
155,324,1.0
155,474,1.0
155,225,1.0
155,4438,1.0
155,1397,1.0
155,431,1.0
155,1446,1.0
155,731,1.0
155,8414,1.0
418,1578,1.0
418,324,1.0
418,474,1.0
418,225,1.0
418,4438,1.0
418,1397,1.0
418,431,1.0
418,1446,1.0
418,731,1.0
418,8414,1.0
545,1578,1.0
545,324,1.0
545,474,1.0
545,4438,1.0
545,1397,1.0
545,431,1.0
545,1446,1.0
545,731,1.0
545,8414,1.0
545,243,1.0
632,1578,1.0
632,324,1.0
632,474,1.0
632,225,1.0
632,4438,1.0
632,1397,1.0
632,431,1.0
632,1446,1.0
632,731,1.0
632,8414,1.0
324,1578,1.0
324,324,1.0
324,474,1.0
324,225,1.0
324,4438,1.0
324,1397,1.0
324,431,1.0
324,1446,1.0
324,731,1.0
324,8414,1.0
333,1578,1.0
333,324,1.0
333,474,1.0
333,225,1.0
333,4438,1.0
333,1397,1.0
333,431,1.0
333,1446,1.0
333,731,1.0
333,8414,1.0
260,1578,1.0
260,324,1.0
260,474,1.0
260,225,1.0
260,4438,1.0
260,1397,1.0
260,431,1.0
260,1446,1.0
260,731,1.0
260,8414,1.0
356,1578,1.0
356,324,1.0
356,474,1.0
356,225,1.0
356,4438,1.0
356,1397,1.0
356,1446,1.0
356,731,1.0
356,8414,1.0
356,243,1.0
263,1578,1.0
263,324,1.0
263,474,1.0
263,225,1.0
263,4438,1.0
263,1397,1.0
263,431,1.0
263,1446,1.0
263,731,1.0
263,8414,1.0
81,1578,1.0
81,324,1.0
81,474,1.0
81,225,1.0
81,4438,1.0
81,1397,1.0
81,431,1.0
81,1446,1.0
81,731,1.0
81,8414,1.0
232,1578,1.0
232,324,1.0
232,474,1.0
232,225,1.0
232,4438,1.0
232,1397,1.0
232,431,1.0
232,1446,1.0
232,731,1.0
232,8414,1.0
109,1578,1.0
109,474,1.0
109,225,1.0
109,4438,1.0
109,1397,1.0
109,431,1.0
109,1446,1.0
109,731,1.0
109,8414,1.0
109,243,1.0
564,1578,1.0
564,324,1.0
564,474,1.0
564,225,1.0
564,4438,1.0
564,1397,1.0
564,431,1.0
564,1446,1.0
564,731,1.0
564,8414,1.0
502,1578,1.0
502,324,1.0
502,474,1.0
502,225,1.0
502,4438,1.0
502,1397,1.0
502,431,1.0
502,1446,1.0
502,731,1.0
502,8414,1.0
497,1578,1.0
497,324,1.0
497,474,1.0
497,225,1.0
497,4438,1.0
497,1397,1.0
497,431,1.0
497,1446,1.0
497,731,1.0
497,8414,1.0
130,1578,1.0
130,324,1.0
130,474,1.0
130,225,1.0
130,4438,1.0
130,1397,1.0
130,431,1.0
130,1446,1.0
130,731,1.0
130,8414,1.0
539,1578,1.0
539,324,1.0
539,225,1.0
539,4438,1.0
539,1397,1.0
539,431,1.0
539,1446,1.0
539,731,1.0
539,8414,1.0
539,243,1.0
89,1578,1.0
89,324,1.0
89,474,1.0
89,225,1.0
89,4438,1.0
89,1397,1.0
89,431,1.0
89,1446,1.0
89,731,1.0
89,8414,1.0
299,1578,1.0
299,324,1.0
299,474,1.0
299,225,1.0
299,4438,1.0
299,1397,1.0
299,431,1.0
299,1446,1.0
299,731,1.0
299,8414,1.0
566,1578,1.0
566,324,1.0
566,474,1.0
566,225,1.0
566,4438,1.0
566,1397,1.0
566,431,1.0
566,1446,1.0
566,731,1.0
566,8414,1.0
330,1578,1.0
330,324,1.0
330,474,1.0
330,225,1.0
330,4438,1.0
330,1397,1.0
330,431,1.0
330,1446,1.0
330,731,1.0
330,8414,1.0
37,1578,1.0
37,324,1.0
37,225,1.0
37,4438,1.0
37,1397,1.0
37,431,1.0
37,1446,1.0
37,731,1.0
37,8414,1.0
37,243,1.0
420,1578,1.0
420,324,1.0
420,474,1.0
420,225,1.0
420,4438,1.0
420,1397,1.0
420,431,1.0
420,1446,1.0
420,731,1.0
420,8414,1.0
476,1578,1.0
476,324,1.0
476,474,1.0
476,225,1.0
476,4438,1.0
476,1397,1.0
476,431,1.0
476,1446,1.0
476,731,1.0
476,8414,1.0
79,1578,1.0
79,324,1.0
79,474,1.0
79,225,1.0
79,4438,1.0
79,1397,1.0
79,1446,1.0
79,731,1.0
79,8414,1.0
79,243,1.0
90,1578,1.0
90,324,1.0
90,474,1.0
90,225,1.0
90,4438,1.0
90,1397,1.0
90,431,1.0
90,1446,1.0
90,731,1.0
90,8414,1.0
53,1578,1.0
53,324,1.0
53,474,1.0
53,225,1.0
53,4438,1.0
53,1397,1.0
53,431,1.0
53,1446,1.0
53,731,1.0
53,8414,1.0
258,1578,1.0
258,324,1.0
258,474,1.0
258,225,1.0
258,4438,1.0
258,1397,1.0
258,431,1.0
258,1446,1.0
258,731,1.0
258,8414,1.0
121,1578,1.0
121,324,1.0
121,474,1.0
121,225,1.0
121,4438,1.0
121,1397,1.0
121,431,1.0
121,1446,1.0
121,731,1.0
121,8414,1.0
359,1578,1.0
359,324,1.0
359,474,1.0
359,225,1.0
359,4438,1.0
359,1397,1.0
359,431,1.0
359,1446,1.0
359,731,1.0
359,8414,1.0
59,1578,1.0
59,324,1.0
59,474,1.0
59,225,1.0
59,4438,1.0
59,1397,1.0
59,1446,1.0
59,731,1.0
59,8414,1.0
59,243,1.0
444,1578,1.0
444,324,1.0
444,474,1.0
444,225,1.0
444,4438,1.0
444,1397,1.0
444,431,1.0
444,1446,1.0
444,731,1.0
444,8414,1.0
136,1578,1.0
136,324,1.0
136,474,1.0
136,225,1.0
136,4438,1.0
136,1397,1.0
136,431,1.0
136,1446,1.0
136,731,1.0
136,8414,1.0
131,1578,1.0
131,324,1.0
131,474,1.0
131,225,1.0
131,4438,1.0
131,1397,1.0
131,431,1.0
131,1446,1.0
131,731,1.0
131,8414,1.0
191,1578,1.0
191,324,1.0
191,474,1.0
191,225,1.0
191,4438,1.0
191,1397,1.0
191,431,1.0
191,1446,1.0
191,731,1.0
191,8414,1.0
565,1578,1.0
565,324,1.0
565,474,1.0
565,225,1.0
565,4438,1.0
565,1397,1.0
565,431,1.0
565,1446,1.0
565,731,1.0
565,8414,1.0
15,1578,1.0
15,324,1.0
15,474,1.0
15,4438,1.0
15,1397,1.0
15,431,1.0
15,1446,1.0
15,731,1.0
15,8414,1.0
15,243,1.0
320,1578,1.0
320,324,1.0
320,474,1.0
320,225,1.0
320,4438,1.0
320,1397,1.0
320,431,1.0
320,1446,1.0
320,731,1.0
320,8414,1.0
115,1578,1.0
115,324,1.0
115,474,1.0
115,225,1.0
115,4438,1.0
115,1397,1.0
115,431,1.0
115,1446,1.0
115,731,1.0
115,8414,1.0
525,1578,1.0
525,324,1.0
525,225,1.0
525,4438,1.0
525,1397,1.0
525,431,1.0
525,1446,1.0
525,731,1.0
525,8414,1.0
525,243,1.0
266,1578,1.0
266,324,1.0
266,225,1.0
266,4438,1.0
266,1397,1.0
266,431,1.0
266,1446,1.0
266,731,1.0
266,8414,1.0
266,243,1.0
313,1578,1.0
313,324,1.0
313,474,1.0
313,225,1.0
313,4438,1.0
313,1397,1.0
313,431,1.0
313,1446,1.0
313,731,1.0
313,8414,1.0
230,1578,1.0
230,324,1.0
230,474,1.0
230,225,1.0
230,4438,1.0
230,1397,1.0
230,431,1.0
230,1446,1.0
230,731,1.0
230,8414,1.0
331,1578,1.0
331,324,1.0
331,474,1.0
331,225,1.0
331,4438,1.0
331,1397,1.0
331,431,1.0
331,1446,1.0
331,731,1.0
331,8414,1.0
280,1578,1.0
280,474,1.0
280,225,1.0
280,4438,1.0
280,1397,1.0
280,431,1.0
280,1446,1.0
280,8414,1.0
280,1967,1.0
280,787,1.0
588,1578,1.0
588,324,1.0
588,474,1.0
588,225,1.0
588,4438,1.0
588,1397,1.0
588,431,1.0
588,1446,1.0
588,731,1.0
588,8414,1.0
567,1578,1.0
567,324,1.0
567,474,1.0
567,225,1.0
567,4438,1.0
567,1397,1.0
567,431,1.0
567,1446,1.0
567,731,1.0
567,8414,1.0
1,1578,1.0
1,324,1.0
1,474,1.0
1,225,1.0
1,4438,1.0
1,1397,1.0
1,431,1.0
1,1446,1.0
1,731,1.0
1,8414,1.0
226,1578,1.0
226,324,1.0
226,474,1.0
226,225,1.0
226,4438,1.0
226,1397,1.0
226,431,1.0
226,1446,1.0
226,731,1.0
226,8414,1.0
669,1578,1.0
669,324,1.0
669,474,1.0
669,225,1.0
669,4438,1.0
669,1397,1.0
669,431,1.0
669,1446,1.0
669,731,1.0
669,8414,1.0
374,1578,1.0
374,324,1.0
374,474,1.0
374,225,1.0
374,4438,1.0
374,1397,1.0
374,431,1.0
374,1446,1.0
374,731,1.0
374,8414,1.0
603,1578,1.0
603,324,1.0
603,474,1.0
603,225,1.0
603,4438,1.0
603,1397,1.0
603,431,1.0
603,1446,1.0
603,731,1.0
603,8414,1.0
114,1578,1.0
114,324,1.0
114,474,1.0
114,225,1.0
114,4438,1.0
114,1397,1.0
114,431,1.0
114,1446,1.0
114,731,1.0
114,8414,1.0
207,1578,1.0
207,324,1.0
207,474,1.0
207,225,1.0
207,4438,1.0
207,1397,1.0
207,431,1.0
207,1446,1.0
207,731,1.0
207,8414,1.0
52,1578,1.0
52,324,1.0
52,474,1.0
52,225,1.0
52,4438,1.0
52,1397,1.0
52,431,1.0
52,1446,1.0
52,731,1.0
52,8414,1.0
461,1578,1.0
461,474,1.0
461,225,1.0
461,4438,1.0
461,1397,1.0
461,431,1.0
461,1446,1.0
461,731,1.0
461,8414,1.0
461,243,1.0
17,1578,1.0
17,324,1.0
17,474,1.0
17,225,1.0
17,4438,1.0
17,1397,1.0
17,431,1.0
17,1446,1.0
17,731,1.0
17,8414,1.0
582,1578,1.0
582,324,1.0
582,474,1.0
582,225,1.0
582,4438,1.0
582,1397,1.0
582,431,1.0
582,1446,1.0
582,731,1.0
582,8414,1.0
309,1578,1.0
309,324,1.0
309,474,1.0
309,225,1.0
309,4438,1.0
309,1397,1.0
309,431,1.0
309,1446,1.0
309,731,1.0
309,8414,1.0
442,1578,1.0
442,324,1.0
442,474,1.0
442,225,1.0
442,4438,1.0
442,1397,1.0
442,431,1.0
442,1446,1.0
442,731,1.0
442,8414,1.0
113,1578,1.0
113,324,1.0
113,474,1.0
113,225,1.0
113,4438,1.0
113,1397,1.0
113,431,1.0
113,1446,1.0
113,731,1.0
113,8414,1.0
271,1578,1.0
271,324,1.0
271,474,1.0
271,225,1.0
271,4438,1.0
271,1397,1.0
271,431,1.0
271,1446,1.0
271,731,1.0
271,8414,1.0
220,1578,1.0
220,324,1.0
220,474,1.0
220,225,1.0
220,4438,1.0
220,1397,1.0
220,431,1.0
220,1446,1.0
220,731,1.0
220,8414,1.0
498,1578,1.0
498,324,1.0
498,474,1.0
498,225,1.0
498,4438,1.0
498,1397,1.0
498,431,1.0
498,1446,1.0
498,731,1.0
498,8414,1.0
639,1578,1.0
639,324,1.0
639,474,1.0
639,225,1.0
639,4438,1.0
639,1397,1.0
639,431,1.0
639,1446,1.0
639,731,1.0
639,8414,1.0
273,1578,1.0
273,324,1.0
273,474,1.0
273,225,1.0
273,4438,1.0
273,1397,1.0
273,431,1.0
273,1446,1.0
273,731,1.0
273,8414,1.0
134,1578,1.0
134,324,1.0
134,474,1.0
134,225,1.0
134,4438,1.0
134,1397,1.0
134,431,1.0
134,1446,1.0
134,731,1.0
134,8414,1.0
321,1578,1.0
321,324,1.0
321,474,1.0
321,225,1.0
321,4438,1.0
321,1397,1.0
321,431,1.0
321,1446,1.0
321,731,1.0
321,8414,1.0
143,1578,1.0
143,324,1.0
143,474,1.0
143,225,1.0
143,4438,1.0
143,1397,1.0
143,431,1.0
143,1446,1.0
143,731,1.0
143,8414,1.0
578,1578,1.0
578,324,1.0
578,225,1.0
578,4438,1.0
578,1397,1.0
578,431,1.0
578,1446,1.0
578,731,1.0
578,8414,1.0
578,243,1.0
75,1578,1.0
75,324,1.0
75,474,1.0
75,225,1.0
75,4438,1.0
75,1397,1.0
75,431,1.0
75,1446,1.0
75,731,1.0
75,8414,1.0
538,1578,1.0
538,324,1.0
538,474,1.0
538,225,1.0
538,4438,1.0
538,1397,1.0
538,431,1.0
538,1446,1.0
538,731,1.0
538,8414,1.0
105,1578,1.0
105,324,1.0
105,474,1.0
105,225,1.0
105,4438,1.0
105,1397,1.0
105,431,1.0
105,1446,1.0
105,731,1.0
105,8414,1.0
54,1578,1.0
54,324,1.0
54,474,1.0
54,225,1.0
54,4438,1.0
54,1397,1.0
54,431,1.0
54,1446,1.0
54,731,1.0
54,8414,1.0
161,1578,1.0
161,324,1.0
161,474,1.0
161,225,1.0
161,4438,1.0
161,1397,1.0
161,431,1.0
161,1446,1.0
161,731,1.0
161,8414,1.0
367,1578,1.0
367,324,1.0
367,474,1.0
367,225,1.0
367,4438,1.0
367,1397,1.0
367,431,1.0
367,1446,1.0
367,731,1.0
367,8414,1.0
458,1578,1.0
458,324,1.0
458,474,1.0
458,225,1.0
458,4438,1.0
458,1397,1.0
458,431,1.0
458,1446,1.0
458,731,1.0
458,8414,1.0
103,1578,1.0
103,324,1.0
103,474,1.0
103,225,1.0
103,4438,1.0
103,1397,1.0
103,431,1.0
103,1446,1.0
103,731,1.0
103,8414,1.0
257,1578,1.0
257,324,1.0
257,474,1.0
257,225,1.0
257,4438,1.0
257,1397,1.0
257,431,1.0
257,1446,1.0
257,731,1.0
257,8414,1.0
8,1578,1.0
8,324,1.0
8,474,1.0
8,225,1.0
8,4438,1.0
8,1397,1.0
8,431,1.0
8,1446,1.0
8,731,1.0
8,8414,1.0
507,1578,1.0
507,324,1.0
507,474,1.0
507,225,1.0
507,4438,1.0
507,1397,1.0
507,431,1.0
507,1446,1.0
507,731,1.0
507,8414,1.0
224,1578,1.0
224,324,1.0
224,474,1.0
224,225,1.0
224,4438,1.0
224,1397,1.0
224,431,1.0
224,1446,1.0
224,731,1.0
224,8414,1.0
402,1578,1.0
402,324,1.0
402,474,1.0
402,225,1.0
402,4438,1.0
402,1397,1.0
402,431,1.0
402,1446,1.0
402,731,1.0
402,8414,1.0
633,1578,1.0
633,324,1.0
633,474,1.0
633,225,1.0
633,4438,1.0
633,1397,1.0
633,431,1.0
633,1446,1.0
633,731,1.0
633,8414,1.0
112,1578,1.0
112,324,1.0
112,474,1.0
112,225,1.0
112,4438,1.0
112,1397,1.0
112,431,1.0
112,1446,1.0
112,731,1.0
112,8414,1.0
172,1578,1.0
172,324,1.0
172,474,1.0
172,225,1.0
172,4438,1.0
172,1397,1.0
172,1446,1.0
172,731,1.0
172,8414,1.0
172,243,1.0
414,1578,1.0
414,324,1.0
414,474,1.0
414,225,1.0
414,4438,1.0
414,1397,1.0
414,431,1.0
414,1446,1.0
414,731,1.0
414,8414,1.0
662,1578,1.0
662,324,1.0
662,474,1.0
662,225,1.0
662,4438,1.0
662,1397,1.0
662,431,1.0
662,1446,1.0
662,731,1.0
662,8414,1.0
580,1578,1.0
580,324,1.0
580,474,1.0
580,225,1.0
580,4438,1.0
580,1397,1.0
580,431,1.0
580,1446,1.0
580,731,1.0
580,8414,1.0
649,1578,1.0
649,324,1.0
649,474,1.0
649,225,1.0
649,4438,1.0
649,1397,1.0
649,431,1.0
649,1446,1.0
649,731,1.0
649,8414,1.0
484,1578,1.0
484,324,1.0
484,474,1.0
484,225,1.0
484,4438,1.0
484,1397,1.0
484,431,1.0
484,1446,1.0
484,731,1.0
484,8414,1.0
642,1578,1.0
642,324,1.0
642,474,1.0
642,225,1.0
642,4438,1.0
642,1397,1.0
642,431,1.0
642,1446,1.0
642,731,1.0
642,8414,1.0
667,1578,1.0
667,324,1.0
667,474,1.0
667,225,1.0
667,4438,1.0
667,1397,1.0
667,431,1.0
667,1446,1.0
667,731,1.0
667,8414,1.0
70,1578,1.0
70,324,1.0
70,474,1.0
70,225,1.0
70,4438,1.0
70,1397,1.0
70,431,1.0
70,1446,1.0
70,731,1.0
70,8414,1.0
590,1578,1.0
590,324,1.0
590,474,1.0
590,225,1.0
590,4438,1.0
590,1397,1.0
590,431,1.0
590,1446,1.0
590,731,1.0
590,8414,1.0
660,1578,1.0
660,324,1.0
660,474,1.0
660,225,1.0
660,4438,1.0
660,1397,1.0
660,431,1.0
660,1446,1.0
660,731,1.0
660,8414,1.0
86,1578,1.0
86,324,1.0
86,474,1.0
86,225,1.0
86,4438,1.0
86,1397,1.0
86,431,1.0
86,1446,1.0
86,731,1.0
86,8414,1.0
355,1578,1.0
355,324,1.0
355,474,1.0
355,225,1.0
355,4438,1.0
355,1397,1.0
355,431,1.0
355,1446,1.0
355,731,1.0
355,8414,1.0
208,1578,1.0
208,324,1.0
208,474,1.0
208,225,1.0
208,4438,1.0
208,1397,1.0
208,431,1.0
208,1446,1.0
208,731,1.0
208,8414,1.0
644,1578,1.0
644,324,1.0
644,474,1.0
644,225,1.0
644,4438,1.0
644,1397,1.0
644,431,1.0
644,1446,1.0
644,731,1.0
644,8414,1.0
171,1578,1.0
171,324,1.0
171,474,1.0
171,225,1.0
171,4438,1.0
171,1397,1.0
171,431,1.0
171,1446,1.0
171,731,1.0
171,8414,1.0
490,1578,1.0
490,324,1.0
490,474,1.0
490,225,1.0
490,4438,1.0
490,1397,1.0
490,431,1.0
490,1446,1.0
490,731,1.0
490,8414,1.0
57,1578,1.0
57,324,1.0
57,474,1.0
57,225,1.0
57,4438,1.0
57,1397,1.0
57,431,1.0
57,1446,1.0
57,731,1.0
57,8414,1.0
448,1578,1.0
448,324,1.0
448,474,1.0
448,225,1.0
448,4438,1.0
448,1397,1.0
448,431,1.0
448,1446,1.0
448,731,1.0
448,8414,1.0
157,1578,1.0
157,324,1.0
157,474,1.0
157,225,1.0
157,4438,1.0
157,1397,1.0
157,431,1.0
157,1446,1.0
157,731,1.0
157,8414,1.0
128,1578,1.0
128,324,1.0
128,474,1.0
128,225,1.0
128,4438,1.0
128,1397,1.0
128,431,1.0
128,1446,1.0
128,731,1.0
128,8414,1.0
520,1578,1.0
520,324,1.0
520,225,1.0
520,4438,1.0
520,1397,1.0
520,431,1.0
520,1446,1.0
520,731,1.0
520,8414,1.0
520,243,1.0
43,1578,1.0
43,324,1.0
43,474,1.0
43,225,1.0
43,4438,1.0
43,1397,1.0
43,431,1.0
43,1446,1.0
43,731,1.0
43,8414,1.0
259,1578,1.0
259,324,1.0
259,474,1.0
259,4438,1.0
259,1397,1.0
259,431,1.0
259,1446,1.0
259,731,1.0
259,8414,1.0
259,243,1.0
443,1578,1.0
443,324,1.0
443,474,1.0
443,225,1.0
443,4438,1.0
443,1397,1.0
443,431,1.0
443,1446,1.0
443,731,1.0
443,8414,1.0
0,1578,1.0
0,324,1.0
0,474,1.0
0,225,1.0
0,4438,1.0
0,1397,1.0
0,431,1.0
0,1446,1.0
0,731,1.0
0,8414,1.0
279,1578,1.0
279,324,1.0
279,474,1.0
279,225,1.0
279,4438,1.0
279,1397,1.0
279,431,1.0
279,1446,1.0
279,731,1.0
279,8414,1.0
166,1578,1.0
166,324,1.0
166,474,1.0
166,225,1.0
166,4438,1.0
166,1397,1.0
166,431,1.0
166,1446,1.0
166,731,1.0
166,8414,1.0
373,1578,1.0
373,324,1.0
373,474,1.0
373,225,1.0
373,4438,1.0
373,1397,1.0
373,431,1.0
373,1446,1.0
373,731,1.0
373,8414,1.0
656,1578,1.0
656,324,1.0
656,474,1.0
656,225,1.0
656,4438,1.0
656,1397,1.0
656,431,1.0
656,1446,1.0
656,731,1.0
656,8414,1.0
363,324,1.0
363,474,1.0
363,225,1.0
363,4438,1.0
363,1397,1.0
363,431,1.0
363,1446,1.0
363,731,1.0
363,8414,1.0
363,243,1.0
483,1578,1.0
483,324,1.0
483,474,1.0
483,225,1.0
483,4438,1.0
483,1397,1.0
483,431,1.0
483,1446,1.0
483,731,1.0
483,8414,1.0
577,1578,1.0
577,324,1.0
577,474,1.0
577,225,1.0
577,4438,1.0
577,1397,1.0
577,431,1.0
577,1446,1.0
577,731,1.0
577,8414,1.0
202,1578,1.0
202,324,1.0
202,225,1.0
202,4438,1.0
202,1397,1.0
202,431,1.0
202,1446,1.0
202,731,1.0
202,8414,1.0
202,243,1.0
348,1578,1.0
348,324,1.0
348,474,1.0
348,225,1.0
348,4438,1.0
348,1397,1.0
348,431,1.0
348,1446,1.0
348,731,1.0
348,8414,1.0
180,1578,1.0
180,324,1.0
180,474,1.0
180,225,1.0
180,4438,1.0
180,1397,1.0
180,431,1.0
180,1446,1.0
180,731,1.0
180,8414,1.0
28,1578,1.0
28,324,1.0
28,474,1.0
28,225,1.0
28,4438,1.0
28,1397,1.0
28,431,1.0
28,1446,1.0
28,731,1.0
28,8414,1.0
412,1578,1.0
412,324,1.0
412,474,1.0
412,225,1.0
412,4438,1.0
412,1397,1.0
412,431,1.0
412,1446,1.0
412,731,1.0
412,8414,1.0
288,1578,1.0
288,324,1.0
288,474,1.0
288,225,1.0
288,4438,1.0
288,1397,1.0
288,431,1.0
288,1446,1.0
288,731,1.0
288,8414,1.0
