178,99,230.0
178,57,219.0
178,49,211.0
178,92,208.0
178,143,198.0
178,79,175.0
178,402,169.0
178,121,161.0
178,179,156.0
178,505,154.0
261,99,230.0
261,57,219.0
261,143,198.0
261,79,175.0
261,402,169.0
261,179,156.0
261,505,154.0
261,180,153.0
261,417,146.0
261,89,146.0
560,99,230.0
560,121,161.0
560,505,154.0
560,180,153.0
560,89,146.0
560,417,146.0
560,157,145.0
560,24,145.0
560,72,142.0
560,122,142.0
323,49,211.0
323,79,175.0
323,121,161.0
323,179,156.0
323,505,154.0
323,180,153.0
323,89,146.0
323,24,145.0
323,157,145.0
323,72,142.0
471,99,230.0
471,79,175.0
471,121,161.0
471,505,154.0
471,89,146.0
471,24,145.0
471,122,142.0
471,106,140.0
471,197,139.0
471,27,134.0
518,57,219.0
518,92,208.0
518,143,198.0
518,79,175.0
518,402,169.0
518,121,161.0
518,179,156.0
518,180,153.0
518,417,146.0
518,24,145.0
529,99,230.0
529,49,211.0
529,92,208.0
529,402,169.0
529,121,161.0
529,179,156.0
529,180,153.0
529,89,146.0
529,24,145.0
529,157,145.0
14,99,230.0
14,57,219.0
14,143,198.0
14,417,146.0
14,72,142.0
14,106,140.0
14,27,134.0
14,119,127.0
14,129,127.0
14,29,120.0
594,57,219.0
594,143,198.0
594,79,175.0
594,121,161.0
594,179,156.0
594,89,146.0
594,24,145.0
594,157,145.0
594,122,142.0
594,72,142.0
563,99,230.0
563,57,219.0
563,143,198.0
563,402,169.0
563,121,161.0
563,157,145.0
563,106,140.0
563,197,139.0
563,27,134.0
563,412,129.0
286,99,230.0
286,57,219.0
286,49,211.0
286,92,208.0
286,79,175.0
286,121,161.0
286,179,156.0
286,505,154.0
286,89,146.0
286,24,145.0
196,99,230.0
196,57,219.0
196,49,211.0
196,92,208.0
196,143,198.0
196,79,175.0
196,121,161.0
196,505,154.0
196,180,153.0
196,417,146.0
447,99,230.0
447,57,219.0
447,49,211.0
447,79,175.0
447,121,161.0
447,505,154.0
447,89,146.0
447,417,146.0
447,157,145.0
447,24,145.0
607,99,230.0
607,57,219.0
607,143,198.0
607,402,169.0
607,179,156.0
607,417,146.0
607,157,145.0
607,122,142.0
607,72,142.0
607,106,140.0
32,99,230.0
32,57,219.0
32,49,211.0
32,92,208.0
32,143,198.0
32,79,175.0
32,402,169.0
32,121,161.0
32,179,156.0
32,505,154.0
478,57,219.0
478,49,211.0
478,92,208.0
478,143,198.0
478,79,175.0
478,121,161.0
478,179,156.0
478,505,154.0
478,180,153.0
478,89,146.0
467,99,230.0
467,57,219.0
467,92,208.0
467,79,175.0
467,402,169.0
467,179,156.0
467,89,146.0
467,24,145.0
467,72,142.0
467,122,142.0
293,99,230.0
293,57,219.0
293,49,211.0
293,92,208.0
293,402,169.0
293,121,161.0
293,179,156.0
293,505,154.0
293,417,146.0
293,89,146.0
4,99,230.0
4,49,211.0
4,92,208.0
4,143,198.0
4,79,175.0
4,402,169.0
4,121,161.0
4,179,156.0
4,505,154.0
4,180,153.0
653,79,175.0
653,505,154.0
653,180,153.0
653,157,145.0
653,480,129.0
653,328,97.0
653,196,97.0
653,64,88.0
653,103,87.0
653,1435,87.0
429,57,219.0
429,92,208.0
429,79,175.0
429,402,169.0
429,24,145.0
429,23,133.0
429,459,116.0
429,432,106.0
429,468,105.0
429,191,99.0
480,92,208.0
480,180,153.0
480,89,146.0
480,157,145.0
480,24,145.0
480,72,142.0
480,69,134.0
480,27,134.0
480,23,133.0
480,412,129.0
631,57,219.0
631,143,198.0
631,79,175.0
631,402,169.0
631,121,161.0
631,179,156.0
631,505,154.0
631,417,146.0
631,157,145.0
631,24,145.0
425,99,230.0
425,49,211.0
425,92,208.0
425,143,198.0
425,121,161.0
425,179,156.0
425,505,154.0
425,180,153.0
425,417,146.0
425,24,145.0
460,92,208.0
460,402,169.0
460,121,161.0
460,157,145.0
460,197,139.0
460,69,134.0
460,480,129.0
460,119,127.0
460,447,125.0
460,29,120.0
559,143,198.0
559,79,175.0
559,402,169.0
559,179,156.0
559,505,154.0
559,180,153.0
559,157,145.0
559,24,145.0
559,106,140.0
559,27,134.0
462,99,230.0
462,57,219.0
462,49,211.0
462,92,208.0
462,121,161.0
462,417,146.0
462,122,142.0
462,69,134.0
462,119,127.0
462,129,127.0
474,99,230.0
474,92,208.0
474,143,198.0
474,79,175.0
474,402,169.0
474,121,161.0
474,179,156.0
474,505,154.0
474,24,145.0
474,157,145.0
269,99,230.0
269,57,219.0
269,92,208.0
269,143,198.0
269,79,175.0
269,402,169.0
269,121,161.0
269,505,154.0
269,180,153.0
269,89,146.0
198,121,161.0
198,180,153.0
198,417,146.0
198,24,145.0
198,157,145.0
198,69,134.0
198,412,129.0
198,119,127.0
198,29,120.0
198,105,115.0
69,99,230.0
69,57,219.0
69,49,211.0
69,92,208.0
69,143,198.0
69,79,175.0
69,402,169.0
69,121,161.0
69,179,156.0
69,505,154.0
370,99,230.0
370,143,198.0
370,79,175.0
370,179,156.0
370,505,154.0
370,180,153.0
370,417,146.0
370,24,145.0
370,157,145.0
370,72,142.0
623,99,230.0
623,57,219.0
623,79,175.0
623,402,169.0
623,505,154.0
623,89,146.0
623,24,145.0
623,72,142.0
623,27,134.0
623,480,129.0
129,49,211.0
129,92,208.0
129,143,198.0
129,402,169.0
129,121,161.0
129,179,156.0
129,505,154.0
129,417,146.0
129,122,142.0
129,72,142.0
574,57,219.0
574,49,211.0
574,92,208.0
574,143,198.0
574,79,175.0
574,402,169.0
574,121,161.0
574,89,146.0
574,417,146.0
574,157,145.0
16,57,219.0
16,179,156.0
16,180,153.0
16,89,146.0
16,417,146.0
16,72,142.0
16,27,134.0
16,69,134.0
16,480,129.0
16,129,127.0
387,57,219.0
387,505,154.0
387,417,146.0
387,24,145.0
387,122,142.0
387,119,127.0
387,88,111.0
387,432,106.0
387,354,105.0
387,59,105.0
372,57,219.0
372,49,211.0
372,92,208.0
372,402,169.0
372,121,161.0
372,180,153.0
372,417,146.0
372,89,146.0
372,24,145.0
372,72,142.0
543,99,230.0
543,121,161.0
543,180,153.0
543,417,146.0
543,24,145.0
543,106,140.0
543,69,134.0
543,119,127.0
543,447,125.0
543,459,116.0
100,57,219.0
100,49,211.0
100,92,208.0
100,143,198.0
100,79,175.0
100,402,169.0
100,121,161.0
100,505,154.0
100,417,146.0
100,157,145.0
160,49,211.0
160,143,198.0
160,79,175.0
160,402,169.0
160,121,161.0
160,179,156.0
160,505,154.0
160,180,153.0
160,417,146.0
160,89,146.0
652,99,230.0
652,49,211.0
652,92,208.0
652,143,198.0
652,79,175.0
652,402,169.0
652,121,161.0
652,179,156.0
652,505,154.0
652,180,153.0
546,57,219.0
546,143,198.0
546,179,156.0
546,180,153.0
546,89,146.0
546,24,145.0
546,72,142.0
546,106,140.0
546,197,139.0
546,27,134.0
526,99,230.0
526,49,211.0
526,79,175.0
526,179,156.0
526,417,146.0
526,89,146.0
526,72,142.0
526,106,140.0
526,197,139.0
526,69,134.0
262,49,211.0
262,92,208.0
262,143,198.0
262,79,175.0
262,402,169.0
262,121,161.0
262,179,156.0
262,505,154.0
262,180,153.0
262,89,146.0
611,99,230.0
611,57,219.0
611,49,211.0
611,92,208.0
611,143,198.0
611,79,175.0
611,121,161.0
611,179,156.0
611,505,154.0
611,417,146.0
145,49,211.0
145,79,175.0
145,402,169.0
145,121,161.0
145,179,156.0
145,505,154.0
145,180,153.0
145,89,146.0
145,24,145.0
145,157,145.0
624,99,230.0
624,57,219.0
624,49,211.0
624,92,208.0
624,143,198.0
624,402,169.0
624,121,161.0
624,179,156.0
624,505,154.0
624,180,153.0
20,99,230.0
20,49,211.0
20,92,208.0
20,143,198.0
20,402,169.0
20,121,161.0
20,505,154.0
20,417,146.0
20,157,145.0
20,24,145.0
102,99,230.0
102,57,219.0
102,49,211.0
102,143,198.0
102,79,175.0
102,179,156.0
102,505,154.0
102,180,153.0
102,89,146.0
102,417,146.0
60,99,230.0
60,57,219.0
60,49,211.0
60,92,208.0
60,143,198.0
60,79,175.0
60,121,161.0
60,179,156.0
60,505,154.0
60,180,153.0
579,402,169.0
579,89,146.0
579,157,145.0
579,72,142.0
579,197,139.0
579,69,134.0
579,29,120.0
579,459,116.0
579,88,111.0
579,432,106.0
47,99,230.0
47,49,211.0
47,143,198.0
47,121,161.0
47,179,156.0
47,505,154.0
47,180,153.0
47,89,146.0
47,24,145.0
47,106,140.0
101,99,230.0
101,57,219.0
101,49,211.0
101,79,175.0
101,402,169.0
101,505,154.0
101,417,146.0
101,89,146.0
101,157,145.0
101,72,142.0
451,99,230.0
451,143,198.0
451,402,169.0
451,180,153.0
451,24,145.0
451,122,142.0
451,106,140.0
451,197,139.0
451,23,133.0
451,412,129.0
532,99,230.0
532,57,219.0
532,49,211.0
532,92,208.0
532,79,175.0
532,402,169.0
532,121,161.0
532,417,146.0
532,157,145.0
532,24,145.0
573,92,208.0
573,79,175.0
573,89,146.0
573,24,145.0
573,122,142.0
573,27,134.0
573,69,134.0
573,23,133.0
573,119,127.0
573,29,120.0
383,99,230.0
383,57,219.0
383,92,208.0
383,143,198.0
383,79,175.0
383,505,154.0
383,417,146.0
383,24,145.0
383,157,145.0
383,72,142.0
605,99,230.0
605,57,219.0
605,143,198.0
605,79,175.0
605,179,156.0
605,505,154.0
605,180,153.0
605,417,146.0
605,89,146.0
605,24,145.0
581,99,230.0
581,57,219.0
581,49,211.0
581,92,208.0
581,143,198.0
581,79,175.0
581,121,161.0
581,505,154.0
581,180,153.0
581,89,146.0
159,57,219.0
159,49,211.0
159,92,208.0
159,143,198.0
159,79,175.0
159,402,169.0
159,121,161.0
159,179,156.0
159,505,154.0
159,180,153.0
22,417,146.0
22,157,145.0
22,106,140.0
22,412,129.0
22,447,125.0
22,354,105.0
22,59,105.0
22,177,104.0
22,90,94.0
22,173,94.0
132,99,230.0
132,57,219.0
132,92,208.0
132,143,198.0
132,79,175.0
132,402,169.0
132,121,161.0
132,179,156.0
132,505,154.0
132,180,153.0
385,99,230.0
385,57,219.0
385,49,211.0
385,92,208.0
385,143,198.0
385,402,169.0
385,179,156.0
385,505,154.0
385,180,153.0
385,89,146.0
615,99,230.0
615,57,219.0
615,49,211.0
615,92,208.0
615,79,175.0
615,402,169.0
615,121,161.0
615,179,156.0
615,180,153.0
615,89,146.0
11,99,230.0
11,57,219.0
11,49,211.0
11,92,208.0
11,143,198.0
11,79,175.0
11,402,169.0
11,121,161.0
11,179,156.0
11,505,154.0
499,49,211.0
499,92,208.0
499,143,198.0
499,79,175.0
499,402,169.0
499,121,161.0
499,179,156.0
499,505,154.0
499,180,153.0
499,417,146.0
62,57,219.0
62,49,211.0
62,79,175.0
62,179,156.0
62,505,154.0
62,89,146.0
62,157,145.0
62,24,145.0
62,106,140.0
62,197,139.0
604,99,230.0
604,57,219.0
604,49,211.0
604,92,208.0
604,143,198.0
604,79,175.0
604,402,169.0
604,121,161.0
604,179,156.0
604,505,154.0
119,99,230.0
119,143,198.0
119,79,175.0
119,179,156.0
119,505,154.0
119,180,153.0
119,417,146.0
119,157,145.0
119,72,142.0
119,122,142.0
213,57,219.0
213,143,198.0
213,402,169.0
213,505,154.0
213,417,146.0
213,122,142.0
213,27,134.0
213,69,134.0
213,480,129.0
213,412,129.0
219,99,230.0
219,179,156.0
219,505,154.0
219,180,153.0
219,417,146.0
219,24,145.0
219,72,142.0
219,106,140.0
219,197,139.0
219,69,134.0
379,79,175.0
379,121,161.0
379,180,153.0
379,72,142.0
379,197,139.0
379,69,134.0
379,480,129.0
379,412,129.0
379,119,127.0
379,59,105.0
407,99,230.0
407,57,219.0
407,49,211.0
407,92,208.0
407,79,175.0
407,402,169.0
407,121,161.0
407,179,156.0
407,180,153.0
407,89,146.0
255,99,230.0
255,57,219.0
255,49,211.0
255,92,208.0
255,143,198.0
255,79,175.0
255,402,169.0
255,121,161.0
255,179,156.0
255,505,154.0
456,49,211.0
456,92,208.0
456,143,198.0
456,79,175.0
456,402,169.0
456,179,156.0
456,180,153.0
456,89,146.0
456,417,146.0
456,24,145.0
194,99,230.0
194,57,219.0
194,49,211.0
194,402,169.0
194,180,153.0
194,417,146.0
194,89,146.0
194,24,145.0
194,157,145.0
194,122,142.0
508,57,219.0
508,505,154.0
508,417,146.0
508,89,146.0
508,72,142.0
508,197,139.0
508,480,129.0
508,29,120.0
508,113,114.0
508,432,106.0
3,99,230.0
3,57,219.0
3,49,211.0
3,92,208.0
3,79,175.0
3,402,169.0
3,121,161.0
3,505,154.0
3,89,146.0
3,417,146.0
82,99,230.0
82,49,211.0
82,92,208.0
82,143,198.0
82,79,175.0
82,402,169.0
82,179,156.0
82,505,154.0
82,180,153.0
82,89,146.0
406,99,230.0
406,57,219.0
406,49,211.0
406,143,198.0
406,402,169.0
406,179,156.0
406,180,153.0
406,89,146.0
406,157,145.0
406,72,142.0
192,57,219.0
192,49,211.0
192,143,198.0
192,402,169.0
192,121,161.0
192,179,156.0
192,180,153.0
192,89,146.0
192,24,145.0
192,122,142.0
493,49,211.0
493,79,175.0
493,402,169.0
493,121,161.0
493,179,156.0
493,505,154.0
493,180,153.0
493,417,146.0
493,89,146.0
493,72,142.0
597,57,219.0
597,92,208.0
597,505,154.0
597,180,153.0
597,24,145.0
597,72,142.0
597,69,134.0
597,23,133.0
597,129,127.0
597,447,125.0
452,99,230.0
452,57,219.0
452,49,211.0
452,92,208.0
452,143,198.0
452,79,175.0
452,121,161.0
452,179,156.0
452,505,154.0
452,180,153.0
517,99,230.0
517,49,211.0
517,79,175.0
517,402,169.0
517,121,161.0
517,180,153.0
517,417,146.0
517,24,145.0
517,157,145.0
517,122,142.0
97,99,230.0
97,92,208.0
97,143,198.0
97,79,175.0
97,402,169.0
97,121,161.0
97,179,156.0
97,505,154.0
97,89,146.0
97,417,146.0
554,57,219.0
554,49,211.0
554,92,208.0
554,402,169.0
554,121,161.0
554,179,156.0
554,180,153.0
554,417,146.0
554,157,145.0
554,72,142.0
638,57,219.0
638,49,211.0
638,143,198.0
638,79,175.0
638,402,169.0
638,121,161.0
638,179,156.0
638,505,154.0
638,180,153.0
638,89,146.0
381,99,230.0
381,57,219.0
381,49,211.0
381,92,208.0
381,79,175.0
381,402,169.0
381,121,161.0
381,179,156.0
381,505,154.0
381,180,153.0
38,99,230.0
38,57,219.0
38,92,208.0
38,143,198.0
38,79,175.0
38,402,169.0
38,121,161.0
38,179,156.0
38,505,154.0
38,180,153.0
133,49,211.0
133,143,198.0
133,79,175.0
133,157,145.0
133,24,145.0
133,27,134.0
133,480,129.0
133,412,129.0
133,129,127.0
133,29,120.0
164,49,211.0
164,92,208.0
164,143,198.0
164,179,156.0
164,505,154.0
164,417,146.0
164,89,146.0
164,157,145.0
164,24,145.0
164,72,142.0
246,99,230.0
246,49,211.0
246,121,161.0
246,179,156.0
246,505,154.0
246,180,153.0
246,157,145.0
246,24,145.0
246,106,140.0
246,23,133.0
298,99,230.0
298,57,219.0
298,49,211.0
298,92,208.0
298,143,198.0
298,79,175.0
298,402,169.0
298,121,161.0
298,179,156.0
298,180,153.0
55,92,208.0
55,143,198.0
55,79,175.0
55,402,169.0
55,179,156.0
55,505,154.0
55,417,146.0
55,89,146.0
55,157,145.0
55,24,145.0
241,57,219.0
241,79,175.0
241,89,146.0
241,122,142.0
241,72,142.0
241,480,129.0
241,412,129.0
241,129,127.0
241,119,127.0
241,447,125.0
25,143,198.0
25,79,175.0
25,402,169.0
25,179,156.0
25,417,146.0
25,72,142.0
25,106,140.0
25,197,139.0
25,27,134.0
25,23,133.0
459,57,219.0
459,92,208.0
459,143,198.0
459,79,175.0
459,89,146.0
459,157,145.0
459,72,142.0
459,106,140.0
459,27,134.0
459,23,133.0
587,143,198.0
587,402,169.0
587,121,161.0
587,179,156.0
587,505,154.0
587,180,153.0
587,417,146.0
587,89,146.0
587,157,145.0
587,72,142.0
65,99,230.0
65,49,211.0
65,92,208.0
65,143,198.0
65,79,175.0
65,402,169.0
65,89,146.0
65,417,146.0
65,24,145.0
65,122,142.0
294,417,146.0
294,480,129.0
294,119,127.0
294,447,125.0
294,105,115.0
294,432,106.0
294,59,105.0
294,354,105.0
294,177,104.0
294,328,97.0
524,99,230.0
524,57,219.0
524,49,211.0
524,92,208.0
524,79,175.0
524,121,161.0
524,179,156.0
524,505,154.0
524,180,153.0
524,417,146.0
666,99,230.0
666,92,208.0
666,143,198.0
666,79,175.0
666,402,169.0
666,121,161.0
666,179,156.0
666,180,153.0
666,89,146.0
666,417,146.0
186,57,219.0
186,143,198.0
186,79,175.0
186,402,169.0
186,179,156.0
186,505,154.0
186,180,153.0
186,89,146.0
186,24,145.0
186,157,145.0
354,99,230.0
354,57,219.0
354,402,169.0
354,121,161.0
354,505,154.0
354,417,146.0
354,69,134.0
354,29,120.0
354,459,116.0
354,105,115.0
238,99,230.0
238,49,211.0
238,92,208.0
238,143,198.0
238,79,175.0
238,402,169.0
238,179,156.0
238,505,154.0
238,180,153.0
238,417,146.0
352,49,211.0
352,92,208.0
352,143,198.0
352,79,175.0
352,179,156.0
352,505,154.0
352,180,153.0
352,89,146.0
352,157,145.0
352,24,145.0
504,57,219.0
504,49,211.0
504,92,208.0
504,402,169.0
504,121,161.0
504,505,154.0
504,180,153.0
504,417,146.0
504,89,146.0
504,157,145.0
591,99,230.0
591,49,211.0
591,92,208.0
591,143,198.0
591,121,161.0
591,505,154.0
591,180,153.0
591,417,146.0
591,157,145.0
591,24,145.0
485,99,230.0
485,49,211.0
485,92,208.0
485,79,175.0
485,121,161.0
485,505,154.0
485,180,153.0
485,417,146.0
485,157,145.0
485,24,145.0
351,57,219.0
351,92,208.0
351,143,198.0
351,79,175.0
351,402,169.0
351,121,161.0
351,505,154.0
351,180,153.0
351,89,146.0
351,417,146.0
357,49,211.0
357,402,169.0
357,121,161.0
357,505,154.0
357,157,145.0
357,72,142.0
357,122,142.0
357,197,139.0
357,27,134.0
357,69,134.0
344,99,230.0
344,143,198.0
344,121,161.0
344,417,146.0
344,89,146.0
344,72,142.0
344,27,134.0
344,69,134.0
344,119,127.0
344,29,120.0
422,57,219.0
422,92,208.0
422,143,198.0
422,79,175.0
422,402,169.0
422,121,161.0
422,89,146.0
422,417,146.0
422,24,145.0
422,72,142.0
18,92,208.0
18,402,169.0
18,121,161.0
18,179,156.0
18,417,146.0
18,89,146.0
18,122,142.0
18,27,134.0
18,480,129.0
18,412,129.0
87,92,208.0
87,180,153.0
87,417,146.0
87,89,146.0
87,157,145.0
87,24,145.0
87,72,142.0
87,106,140.0
87,27,134.0
87,69,134.0
427,99,230.0
427,143,198.0
427,79,175.0
427,402,169.0
427,121,161.0
427,505,154.0
427,24,145.0
427,72,142.0
427,69,134.0
427,27,134.0
85,57,219.0
85,92,208.0
85,402,169.0
85,121,161.0
85,179,156.0
85,180,153.0
85,89,146.0
85,417,146.0
85,157,145.0
85,24,145.0
305,49,211.0
305,402,169.0
305,89,146.0
305,417,146.0
305,72,142.0
305,122,142.0
305,27,134.0
305,412,129.0
305,480,129.0
305,129,127.0
479,57,219.0
479,92,208.0
479,143,198.0
479,79,175.0
479,402,169.0
479,121,161.0
479,179,156.0
479,505,154.0
479,180,153.0
479,89,146.0
212,99,230.0
212,57,219.0
212,49,211.0
212,92,208.0
212,79,175.0
212,402,169.0
212,121,161.0
212,179,156.0
212,505,154.0
212,180,153.0
648,99,230.0
648,57,219.0
648,143,198.0
648,402,169.0
648,121,161.0
648,179,156.0
648,505,154.0
648,180,153.0
648,417,146.0
648,157,145.0
95,99,230.0
95,57,219.0
95,49,211.0
95,92,208.0
95,143,198.0
95,402,169.0
95,121,161.0
95,179,156.0
95,180,153.0
95,89,146.0
76,49,211.0
76,92,208.0
76,79,175.0
76,402,169.0
76,121,161.0
76,505,154.0
76,157,145.0
76,24,145.0
76,72,142.0
76,106,140.0
74,99,230.0
74,49,211.0
74,92,208.0
74,143,198.0
74,121,161.0
74,505,154.0
74,180,153.0
74,417,146.0
74,157,145.0
74,24,145.0
72,99,230.0
72,402,169.0
72,121,161.0
72,179,156.0
72,89,146.0
72,72,142.0
72,119,127.0
72,29,120.0
72,105,115.0
72,177,104.0
511,57,219.0
511,49,211.0
511,92,208.0
511,143,198.0
511,79,175.0
511,402,169.0
511,121,161.0
511,179,156.0
511,505,154.0
511,89,146.0
663,57,219.0
663,49,211.0
663,79,175.0
663,402,169.0
663,505,154.0
663,197,139.0
663,480,129.0
663,447,125.0
663,29,120.0
663,459,116.0
217,57,219.0
217,49,211.0
217,79,175.0
217,402,169.0
217,121,161.0
217,505,154.0
217,417,146.0
217,89,146.0
217,157,145.0
217,24,145.0
401,99,230.0
401,49,211.0
401,92,208.0
401,79,175.0
401,121,161.0
401,179,156.0
401,505,154.0
401,89,146.0
401,417,146.0
401,24,145.0
394,99,230.0
394,57,219.0
394,49,211.0
394,92,208.0
394,79,175.0
394,402,169.0
394,121,161.0
394,179,156.0
394,505,154.0
394,180,153.0
421,57,219.0
421,143,198.0
421,79,175.0
421,402,169.0
421,121,161.0
421,179,156.0
421,180,153.0
421,89,146.0
421,24,145.0
421,72,142.0
77,79,175.0
77,402,169.0
77,505,154.0
77,180,153.0
77,417,146.0
77,157,145.0
77,122,142.0
77,27,134.0
77,69,134.0
77,480,129.0
528,99,230.0
528,57,219.0
528,49,211.0
528,92,208.0
528,143,198.0
528,79,175.0
528,402,169.0
528,179,156.0
528,180,153.0
528,89,146.0
245,99,230.0
245,57,219.0
245,49,211.0
245,92,208.0
245,143,198.0
245,79,175.0
245,402,169.0
245,121,161.0
245,179,156.0
245,505,154.0
515,99,230.0
515,143,198.0
515,402,169.0
515,121,161.0
515,179,156.0
515,505,154.0
515,180,153.0
515,417,146.0
515,24,145.0
515,157,145.0
519,57,219.0
519,402,169.0
519,505,154.0
519,89,146.0
519,417,146.0
519,157,145.0
519,197,139.0
519,27,134.0
519,480,129.0
519,29,120.0
188,99,230.0
188,57,219.0
188,49,211.0
188,92,208.0
188,143,198.0
188,79,175.0
188,179,156.0
188,180,153.0
188,89,146.0
188,417,146.0
521,99,230.0
521,92,208.0
521,143,198.0
521,79,175.0
521,402,169.0
521,121,161.0
521,179,156.0
521,505,154.0
521,180,153.0
521,417,146.0
360,99,230.0
360,57,219.0
360,49,211.0
360,92,208.0
360,79,175.0
360,402,169.0
360,121,161.0
360,179,156.0
360,505,154.0
360,180,153.0
96,57,219.0
96,49,211.0
96,92,208.0
96,143,198.0
96,79,175.0
96,402,169.0
96,121,161.0
96,179,156.0
96,180,153.0
96,417,146.0
33,99,230.0
33,57,219.0
33,121,161.0
33,179,156.0
33,417,146.0
33,122,142.0
33,72,142.0
33,106,140.0
33,197,139.0
33,69,134.0
206,99,230.0
206,57,219.0
206,92,208.0
206,143,198.0
206,79,175.0
206,402,169.0
206,121,161.0
206,179,156.0
206,505,154.0
206,180,153.0
337,49,211.0
337,143,198.0
337,402,169.0
337,121,161.0
337,179,156.0
337,505,154.0
337,180,153.0
337,89,146.0
337,417,146.0
337,24,145.0
147,99,230.0
147,57,219.0
147,49,211.0
147,92,208.0
147,143,198.0
147,79,175.0
147,179,156.0
147,505,154.0
147,180,153.0
147,417,146.0
104,99,230.0
104,57,219.0
104,143,198.0
104,79,175.0
104,402,169.0
104,179,156.0
104,180,153.0
104,417,146.0
104,24,145.0
104,72,142.0
311,57,219.0
311,143,198.0
311,180,153.0
311,72,142.0
311,106,140.0
311,197,139.0
311,69,134.0
311,27,134.0
311,23,133.0
311,412,129.0
29,92,208.0
29,402,169.0
29,89,146.0
29,24,145.0
29,122,142.0
29,23,133.0
29,412,129.0
29,480,129.0
29,119,127.0
29,129,127.0
596,99,230.0
596,49,211.0
596,92,208.0
596,79,175.0
596,402,169.0
596,121,161.0
596,179,156.0
596,505,154.0
596,180,153.0
596,89,146.0
296,99,230.0
296,79,175.0
296,402,169.0
296,179,156.0
296,505,154.0
296,417,146.0
296,89,146.0
296,24,145.0
296,72,142.0
296,106,140.0
35,57,219.0
35,402,169.0
35,121,161.0
35,179,156.0
35,505,154.0
35,180,153.0
35,89,146.0
35,417,146.0
35,157,145.0
35,72,142.0
380,99,230.0
380,57,219.0
380,49,211.0
380,92,208.0
380,143,198.0
380,79,175.0
380,402,169.0
380,121,161.0
380,179,156.0
380,505,154.0
235,99,230.0
235,57,219.0
235,49,211.0
235,143,198.0
235,79,175.0
235,402,169.0
235,121,161.0
235,179,156.0
235,505,154.0
235,417,146.0
42,99,230.0
42,49,211.0
42,92,208.0
42,143,198.0
42,402,169.0
42,179,156.0
42,180,153.0
42,417,146.0
42,89,146.0
42,24,145.0
595,99,230.0
595,143,198.0
595,180,153.0
595,89,146.0
595,197,139.0
595,480,129.0
595,412,129.0
595,119,127.0
595,129,127.0
595,29,120.0
345,99,230.0
345,57,219.0
345,49,211.0
345,92,208.0
345,79,175.0
345,121,161.0
345,505,154.0
345,417,146.0
345,157,145.0
345,24,145.0
463,99,230.0
463,57,219.0
463,92,208.0
463,79,175.0
463,402,169.0
463,121,161.0
463,179,156.0
463,505,154.0
463,180,153.0
463,417,146.0
395,99,230.0
395,57,219.0
395,49,211.0
395,92,208.0
395,143,198.0
395,79,175.0
395,402,169.0
395,121,161.0
395,179,156.0
395,505,154.0
433,57,219.0
433,92,208.0
433,143,198.0
433,79,175.0
433,402,169.0
433,121,161.0
433,179,156.0
433,180,153.0
433,72,142.0
433,122,142.0
369,57,219.0
369,49,211.0
369,92,208.0
369,121,161.0
369,505,154.0
369,180,153.0
369,417,146.0
369,24,145.0
369,157,145.0
369,72,142.0
211,92,208.0
211,179,156.0
211,505,154.0
211,180,153.0
211,417,146.0
211,89,146.0
211,72,142.0
211,106,140.0
211,197,139.0
211,69,134.0
557,99,230.0
557,57,219.0
557,49,211.0
557,143,198.0
557,79,175.0
557,402,169.0
557,179,156.0
557,180,153.0
557,89,146.0
557,417,146.0
84,49,211.0
84,143,198.0
84,79,175.0
84,402,169.0
84,121,161.0
84,179,156.0
84,505,154.0
84,180,153.0
84,417,146.0
84,24,145.0
12,92,208.0
12,143,198.0
12,402,169.0
12,121,161.0
12,179,156.0
12,505,154.0
12,180,153.0
12,89,146.0
12,24,145.0
12,157,145.0
513,79,175.0
513,402,169.0
513,121,161.0
513,89,146.0
513,417,146.0
513,157,145.0
513,122,142.0
513,27,134.0
513,480,129.0
513,412,129.0
247,99,230.0
247,49,211.0
247,92,208.0
247,143,198.0
247,121,161.0
247,179,156.0
247,505,154.0
247,417,146.0
247,89,146.0
247,24,145.0
584,402,169.0
584,121,161.0
584,179,156.0
584,505,154.0
584,180,153.0
584,89,146.0
584,122,142.0
584,72,142.0
584,197,139.0
584,69,134.0
308,57,219.0
308,92,208.0
308,402,169.0
308,121,161.0
308,89,146.0
308,417,146.0
308,72,142.0
308,106,140.0
308,197,139.0
308,27,134.0
404,99,230.0
404,49,211.0
404,92,208.0
404,79,175.0
404,402,169.0
404,121,161.0
404,505,154.0
404,89,146.0
404,417,146.0
404,157,145.0
231,99,230.0
231,57,219.0
231,402,169.0
231,179,156.0
231,505,154.0
231,89,146.0
231,417,146.0
231,122,142.0
231,69,134.0
231,23,133.0
614,99,230.0
614,402,169.0
614,121,161.0
614,179,156.0
614,180,153.0
614,24,145.0
614,122,142.0
614,106,140.0
614,69,134.0
614,27,134.0
617,99,230.0
617,57,219.0
617,49,211.0
617,143,198.0
617,79,175.0
617,402,169.0
617,121,161.0
617,179,156.0
617,505,154.0
617,180,153.0
281,99,230.0
281,49,211.0
281,402,169.0
281,121,161.0
281,179,156.0
281,505,154.0
281,89,146.0
281,24,145.0
281,157,145.0
281,122,142.0
568,99,230.0
568,49,211.0
568,143,198.0
568,79,175.0
568,402,169.0
568,121,161.0
568,179,156.0
568,505,154.0
568,417,146.0
568,89,146.0
438,99,230.0
438,57,219.0
438,49,211.0
438,143,198.0
438,79,175.0
438,402,169.0
438,121,161.0
438,180,153.0
438,417,146.0
438,24,145.0
151,57,219.0
151,49,211.0
151,143,198.0
151,79,175.0
151,505,154.0
151,180,153.0
151,89,146.0
151,157,145.0
151,72,142.0
151,106,140.0
148,99,230.0
148,92,208.0
148,79,175.0
148,179,156.0
148,505,154.0
148,180,153.0
148,417,146.0
148,89,146.0
148,24,145.0
148,157,145.0
210,99,230.0
210,57,219.0
210,49,211.0
210,92,208.0
210,143,198.0
210,402,169.0
210,121,161.0
210,179,156.0
210,180,153.0
210,89,146.0
332,57,219.0
332,49,211.0
332,92,208.0
332,143,198.0
332,79,175.0
332,121,161.0
332,179,156.0
332,505,154.0
332,180,153.0
332,417,146.0
540,99,230.0
540,49,211.0
540,92,208.0
540,143,198.0
540,79,175.0
540,402,169.0
540,121,161.0
540,179,156.0
540,505,154.0
540,180,153.0
156,99,230.0
156,57,219.0
156,92,208.0
156,79,175.0
156,179,156.0
156,505,154.0
156,157,145.0
156,72,142.0
156,27,134.0
156,69,134.0
291,99,230.0
291,92,208.0
291,121,161.0
291,179,156.0
291,180,153.0
291,24,145.0
291,72,142.0
291,122,142.0
291,106,140.0
291,23,133.0
496,99,230.0
496,57,219.0
496,49,211.0
496,92,208.0
496,143,198.0
496,79,175.0
496,402,169.0
496,121,161.0
496,505,154.0
496,417,146.0
549,99,230.0
549,57,219.0
549,143,198.0
549,179,156.0
549,417,146.0
549,157,145.0
549,24,145.0
549,122,142.0
549,197,139.0
549,27,134.0
126,99,230.0
126,49,211.0
126,92,208.0
126,143,198.0
126,79,175.0
126,402,169.0
126,121,161.0
126,179,156.0
126,505,154.0
126,180,153.0
56,57,219.0
56,49,211.0
56,92,208.0
56,402,169.0
56,121,161.0
56,505,154.0
56,89,146.0
56,417,146.0
56,157,145.0
56,24,145.0
127,99,230.0
127,57,219.0
127,49,211.0
127,143,198.0
127,402,169.0
127,121,161.0
127,179,156.0
127,505,154.0
127,180,153.0
127,89,146.0
138,57,219.0
138,49,211.0
138,92,208.0
138,143,198.0
138,79,175.0
138,121,161.0
138,505,154.0
138,180,153.0
138,417,146.0
138,89,146.0
225,57,219.0
225,49,211.0
225,92,208.0
225,143,198.0
225,79,175.0
225,402,169.0
225,121,161.0
225,179,156.0
225,505,154.0
225,180,153.0
636,57,219.0
636,49,211.0
636,92,208.0
636,143,198.0
636,79,175.0
636,402,169.0
636,121,161.0
636,179,156.0
636,505,154.0
636,180,153.0
601,49,211.0
601,402,169.0
601,121,161.0
601,179,156.0
601,180,153.0
601,89,146.0
601,417,146.0
601,157,145.0
601,122,142.0
601,106,140.0
6,57,219.0
6,49,211.0
6,92,208.0
6,143,198.0
6,79,175.0
6,402,169.0
6,121,161.0
6,505,154.0
6,89,146.0
6,417,146.0
340,99,230.0
340,57,219.0
340,49,211.0
340,92,208.0
340,143,198.0
340,79,175.0
340,402,169.0
340,121,161.0
340,179,156.0
340,505,154.0
430,57,219.0
430,49,211.0
430,92,208.0
430,179,156.0
430,505,154.0
430,180,153.0
430,89,146.0
430,417,146.0
430,24,145.0
430,157,145.0
500,99,230.0
500,143,198.0
500,79,175.0
500,402,169.0
500,121,161.0
500,179,156.0
500,505,154.0
500,180,153.0
500,89,146.0
500,417,146.0
655,99,230.0
655,57,219.0
655,49,211.0
655,92,208.0
655,143,198.0
655,79,175.0
655,402,169.0
655,121,161.0
655,179,156.0
655,505,154.0
21,99,230.0
21,49,211.0
21,79,175.0
21,505,154.0
21,417,146.0
21,24,145.0
21,197,139.0
21,27,134.0
21,119,127.0
21,29,120.0
118,57,219.0
118,49,211.0
118,92,208.0
118,79,175.0
118,417,146.0
118,122,142.0
118,69,134.0
118,480,129.0
118,412,129.0
118,129,127.0
400,99,230.0
400,49,211.0
400,92,208.0
400,79,175.0
400,121,161.0
400,505,154.0
400,89,146.0
400,417,146.0
400,157,145.0
400,24,145.0
256,57,219.0
256,92,208.0
256,143,198.0
256,79,175.0
256,402,169.0
256,121,161.0
256,180,153.0
256,417,146.0
256,89,146.0
256,157,145.0
536,92,208.0
536,143,198.0
536,402,169.0
536,121,161.0
536,179,156.0
536,505,154.0
536,89,146.0
536,417,146.0
536,157,145.0
536,122,142.0
176,99,230.0
176,49,211.0
176,143,198.0
176,79,175.0
176,402,169.0
176,121,161.0
176,180,153.0
176,417,146.0
176,157,145.0
176,24,145.0
516,99,230.0
516,49,211.0
516,92,208.0
516,143,198.0
516,402,169.0
516,121,161.0
516,179,156.0
516,505,154.0
516,180,153.0
516,417,146.0
589,49,211.0
589,92,208.0
589,143,198.0
589,79,175.0
589,402,169.0
589,121,161.0
589,179,156.0
589,505,154.0
589,180,153.0
589,89,146.0
264,99,230.0
264,57,219.0
264,49,211.0
264,92,208.0
264,143,198.0
264,402,169.0
264,179,156.0
264,89,146.0
264,417,146.0
264,24,145.0
216,99,230.0
216,57,219.0
216,49,211.0
216,92,208.0
216,79,175.0
216,402,169.0
216,121,161.0
216,179,156.0
216,505,154.0
216,180,153.0
240,57,219.0
240,92,208.0
240,143,198.0
240,79,175.0
240,402,169.0
240,121,161.0
240,179,156.0
240,505,154.0
240,180,153.0
240,89,146.0
181,99,230.0
181,49,211.0
181,92,208.0
181,143,198.0
181,79,175.0
181,402,169.0
181,121,161.0
181,179,156.0
181,505,154.0
181,180,153.0
184,57,219.0
184,49,211.0
184,143,198.0
184,402,169.0
184,179,156.0
184,505,154.0
184,180,153.0
184,417,146.0
184,157,145.0
184,122,142.0
250,99,230.0
250,92,208.0
250,79,175.0
250,121,161.0
250,179,156.0
250,505,154.0
250,180,153.0
250,417,146.0
250,24,145.0
250,157,145.0
470,99,230.0
470,49,211.0
470,402,169.0
470,121,161.0
470,505,154.0
470,157,145.0
470,24,145.0
470,197,139.0
470,27,134.0
470,69,134.0
533,92,208.0
533,143,198.0
533,79,175.0
533,121,161.0
533,179,156.0
533,505,154.0
533,180,153.0
533,89,146.0
533,157,145.0
533,24,145.0
665,99,230.0
665,49,211.0
665,143,198.0
665,79,175.0
665,402,169.0
665,121,161.0
665,179,156.0
665,505,154.0
665,180,153.0
665,89,146.0
386,57,219.0
386,49,211.0
386,92,208.0
386,143,198.0
386,79,175.0
386,402,169.0
386,505,154.0
386,180,153.0
386,89,146.0
386,417,146.0
440,79,175.0
440,505,154.0
440,417,146.0
440,89,146.0
440,24,145.0
440,72,142.0
440,122,142.0
440,197,139.0
440,27,134.0
440,23,133.0
583,49,211.0
583,143,198.0
583,121,161.0
583,505,154.0
583,180,153.0
583,89,146.0
583,417,146.0
583,157,145.0
583,24,145.0
583,72,142.0
531,99,230.0
531,57,219.0
531,49,211.0
531,92,208.0
531,143,198.0
531,79,175.0
531,121,161.0
531,179,156.0
531,505,154.0
531,417,146.0
237,49,211.0
237,143,198.0
237,79,175.0
237,402,169.0
237,121,161.0
237,179,156.0
237,505,154.0
237,180,153.0
237,417,146.0
237,89,146.0
598,99,230.0
598,49,211.0
598,92,208.0
598,79,175.0
598,402,169.0
598,121,161.0
598,505,154.0
598,417,146.0
598,89,146.0
598,157,145.0
602,99,230.0
602,57,219.0
602,92,208.0
602,402,169.0
602,121,161.0
602,505,154.0
602,157,145.0
602,24,145.0
602,122,142.0
602,197,139.0
586,57,219.0
586,143,198.0
586,121,161.0
586,179,156.0
586,89,146.0
586,417,146.0
586,72,142.0
586,122,142.0
586,106,140.0
586,197,139.0
377,57,219.0
377,49,211.0
377,92,208.0
377,143,198.0
377,402,169.0
377,179,156.0
377,505,154.0
377,180,153.0
377,417,146.0
377,89,146.0
48,99,230.0
48,49,211.0
48,92,208.0
48,143,198.0
48,79,175.0
48,402,169.0
48,121,161.0
48,505,154.0
48,180,153.0
48,89,146.0
267,121,161.0
267,179,156.0
267,106,140.0
267,412,129.0
267,447,125.0
267,29,120.0
267,459,116.0
267,432,106.0
267,468,105.0
267,328,97.0
457,57,219.0
457,49,211.0
457,143,198.0
457,121,161.0
457,179,156.0
457,505,154.0
457,180,153.0
457,89,146.0
457,24,145.0
457,122,142.0
364,99,230.0
364,57,219.0
364,49,211.0
364,92,208.0
364,143,198.0
364,79,175.0
364,402,169.0
364,121,161.0
364,179,156.0
364,505,154.0
71,143,198.0
71,402,169.0
71,179,156.0
71,180,153.0
71,89,146.0
71,72,142.0
71,106,140.0
71,197,139.0
71,69,134.0
71,27,134.0
239,57,219.0
239,49,211.0
239,143,198.0
239,402,169.0
239,121,161.0
239,179,156.0
239,180,153.0
239,417,146.0
239,89,146.0
239,24,145.0
654,99,230.0
654,57,219.0
654,49,211.0
654,92,208.0
654,143,198.0
654,79,175.0
654,121,161.0
654,179,156.0
654,505,154.0
654,417,146.0
409,57,219.0
409,49,211.0
409,92,208.0
409,79,175.0
409,121,161.0
409,179,156.0
409,505,154.0
409,89,146.0
409,157,145.0
409,24,145.0
410,57,219.0
410,49,211.0
410,92,208.0
410,143,198.0
410,402,169.0
410,121,161.0
410,179,156.0
410,180,153.0
410,417,146.0
410,89,146.0
120,92,208.0
120,143,198.0
120,79,175.0
120,402,169.0
120,121,161.0
120,179,156.0
120,505,154.0
120,180,153.0
120,417,146.0
120,157,145.0
110,57,219.0
110,179,156.0
110,505,154.0
110,180,153.0
110,417,146.0
110,157,145.0
110,122,142.0
110,119,127.0
110,113,114.0
110,88,111.0
149,49,211.0
149,92,208.0
149,79,175.0
149,505,154.0
149,417,146.0
149,197,139.0
149,69,134.0
149,23,133.0
149,447,125.0
149,29,120.0
98,49,211.0
98,143,198.0
98,402,169.0
98,179,156.0
98,180,153.0
98,89,146.0
98,157,145.0
98,122,142.0
98,197,139.0
98,27,134.0
227,99,230.0
227,57,219.0
227,49,211.0
227,92,208.0
227,79,175.0
227,121,161.0
227,505,154.0
227,180,153.0
227,417,146.0
227,157,145.0
146,99,230.0
146,57,219.0
146,92,208.0
146,143,198.0
146,79,175.0
146,402,169.0
146,179,156.0
146,180,153.0
146,417,146.0
146,89,146.0
436,99,230.0
436,57,219.0
436,92,208.0
436,143,198.0
436,79,175.0
436,402,169.0
436,121,161.0
436,179,156.0
436,505,154.0
436,180,153.0
284,99,230.0
284,79,175.0
284,179,156.0
284,505,154.0
284,89,146.0
284,122,142.0
284,72,142.0
284,106,140.0
284,412,129.0
284,480,129.0
249,49,211.0
249,92,208.0
249,143,198.0
249,402,169.0
249,179,156.0
249,505,154.0
249,180,153.0
249,89,146.0
249,417,146.0
249,24,145.0
27,99,230.0
27,57,219.0
27,49,211.0
27,92,208.0
27,143,198.0
27,79,175.0
27,121,161.0
27,179,156.0
27,505,154.0
27,180,153.0
535,99,230.0
535,57,219.0
535,92,208.0
535,79,175.0
535,402,169.0
535,121,161.0
535,179,156.0
535,505,154.0
535,180,153.0
535,417,146.0
661,99,230.0
661,49,211.0
661,92,208.0
661,143,198.0
661,402,169.0
661,121,161.0
661,179,156.0
661,505,154.0
661,180,153.0
661,89,146.0
349,49,211.0
349,92,208.0
349,79,175.0
349,505,154.0
349,89,146.0
349,157,145.0
349,72,142.0
349,106,140.0
349,69,134.0
349,27,134.0
272,99,230.0
272,57,219.0
272,49,211.0
272,79,175.0
272,121,161.0
272,505,154.0
272,180,153.0
272,89,146.0
272,157,145.0
272,24,145.0
312,49,211.0
312,92,208.0
312,143,198.0
312,179,156.0
312,505,154.0
312,157,145.0
312,24,145.0
312,122,142.0
312,106,140.0
312,447,125.0
316,57,219.0
316,49,211.0
316,92,208.0
316,143,198.0
316,79,175.0
316,402,169.0
316,121,161.0
316,179,156.0
316,505,154.0
316,180,153.0
645,99,230.0
645,49,211.0
645,92,208.0
645,143,198.0
645,79,175.0
645,121,161.0
645,505,154.0
645,180,153.0
645,89,146.0
645,157,145.0
195,99,230.0
195,57,219.0
195,49,211.0
195,92,208.0
195,143,198.0
195,79,175.0
195,402,169.0
195,179,156.0
195,505,154.0
195,180,153.0
468,99,230.0
468,57,219.0
468,49,211.0
468,92,208.0
468,143,198.0
468,79,175.0
468,402,169.0
468,121,161.0
468,179,156.0
468,505,154.0
534,99,230.0
534,57,219.0
534,49,211.0
534,143,198.0
534,79,175.0
534,402,169.0
534,121,161.0
534,179,156.0
534,505,154.0
534,180,153.0
489,99,230.0
489,57,219.0
489,49,211.0
489,92,208.0
489,143,198.0
489,79,175.0
489,402,169.0
489,121,161.0
489,179,156.0
489,505,154.0
475,99,230.0
475,57,219.0
475,49,211.0
475,143,198.0
475,79,175.0
475,402,169.0
475,179,156.0
475,505,154.0
475,180,153.0
475,89,146.0
637,99,230.0
637,57,219.0
637,49,211.0
637,92,208.0
637,143,198.0
637,79,175.0
637,402,169.0
637,121,161.0
637,179,156.0
637,505,154.0
561,121,161.0
561,24,145.0
561,157,145.0
561,72,142.0
561,129,127.0
561,119,127.0
561,88,111.0
561,177,104.0
561,328,97.0
561,327,96.0
24,99,230.0
24,57,219.0
24,49,211.0
24,92,208.0
24,79,175.0
24,402,169.0
24,121,161.0
24,179,156.0
24,505,154.0
24,180,153.0
44,99,230.0
44,57,219.0
44,49,211.0
44,92,208.0
44,143,198.0
44,79,175.0
44,402,169.0
44,121,161.0
44,179,156.0
44,505,154.0
350,99,230.0
350,57,219.0
350,49,211.0
350,92,208.0
350,143,198.0
350,79,175.0
350,402,169.0
350,121,161.0
350,179,156.0
350,505,154.0
91,92,208.0
91,143,198.0
91,402,169.0
91,121,161.0
91,179,156.0
91,180,153.0
91,157,145.0
91,122,142.0
91,106,140.0
91,197,139.0
204,99,230.0
204,57,219.0
204,49,211.0
204,92,208.0
204,143,198.0
204,79,175.0
204,402,169.0
204,121,161.0
204,179,156.0
204,505,154.0
94,99,230.0
94,57,219.0
94,79,175.0
94,402,169.0
94,179,156.0
94,505,154.0
94,417,146.0
94,89,146.0
94,157,145.0
94,24,145.0
431,49,211.0
431,143,198.0
431,79,175.0
431,402,169.0
431,121,161.0
431,179,156.0
431,505,154.0
431,180,153.0
431,417,146.0
431,89,146.0
635,99,230.0
635,57,219.0
635,49,211.0
635,92,208.0
635,143,198.0
635,79,175.0
635,402,169.0
635,121,161.0
635,179,156.0
635,505,154.0
576,143,198.0
576,79,175.0
576,505,154.0
576,24,145.0
576,122,142.0
576,119,127.0
576,29,120.0
576,105,115.0
576,88,111.0
576,468,105.0
168,99,230.0
168,57,219.0
168,49,211.0
168,92,208.0
168,143,198.0
168,121,161.0
168,179,156.0
168,505,154.0
168,180,153.0
168,89,146.0
445,57,219.0
445,49,211.0
445,92,208.0
445,143,198.0
445,79,175.0
445,402,169.0
445,121,161.0
445,179,156.0
445,505,154.0
445,180,153.0
606,79,175.0
606,121,161.0
606,179,156.0
606,417,146.0
606,72,142.0
606,27,134.0
606,29,120.0
606,113,114.0
606,432,106.0
606,59,105.0
626,57,219.0
626,143,198.0
626,179,156.0
626,180,153.0
626,417,146.0
626,72,142.0
626,106,140.0
626,197,139.0
626,69,134.0
626,129,127.0
233,99,230.0
233,49,211.0
233,92,208.0
233,79,175.0
233,121,161.0
233,505,154.0
233,180,153.0
233,89,146.0
233,417,146.0
233,157,145.0
647,57,219.0
647,92,208.0
647,143,198.0
647,79,175.0
647,402,169.0
647,121,161.0
647,179,156.0
647,505,154.0
647,180,153.0
647,89,146.0
248,99,230.0
248,57,219.0
248,49,211.0
248,92,208.0
248,143,198.0
248,79,175.0
248,402,169.0
248,121,161.0
248,179,156.0
248,505,154.0
491,99,230.0
491,57,219.0
491,49,211.0
491,92,208.0
491,143,198.0
491,79,175.0
491,402,169.0
491,121,161.0
491,179,156.0
491,505,154.0
88,57,219.0
88,92,208.0
88,143,198.0
88,79,175.0
88,121,161.0
88,179,156.0
88,505,154.0
88,180,153.0
88,417,146.0
88,89,146.0
426,99,230.0
426,57,219.0
426,49,211.0
426,92,208.0
426,143,198.0
426,79,175.0
426,402,169.0
426,179,156.0
426,505,154.0
426,180,153.0
465,57,219.0
465,92,208.0
465,402,169.0
465,121,161.0
465,505,154.0
465,89,146.0
465,122,142.0
465,106,140.0
465,197,139.0
465,27,134.0
66,57,219.0
66,79,175.0
66,402,169.0
66,121,161.0
66,179,156.0
66,505,154.0
66,180,153.0
66,417,146.0
66,24,145.0
66,157,145.0
270,57,219.0
270,92,208.0
270,79,175.0
270,121,161.0
270,505,154.0
270,417,146.0
270,157,145.0
270,122,142.0
270,72,142.0
270,23,133.0
46,99,230.0
46,57,219.0
46,92,208.0
46,143,198.0
46,79,175.0
46,402,169.0
46,121,161.0
46,179,156.0
46,505,154.0
46,180,153.0
482,99,230.0
482,49,211.0
482,79,175.0
482,121,161.0
482,179,156.0
482,505,154.0
482,417,146.0
482,157,145.0
482,122,142.0
482,72,142.0
199,99,230.0
199,143,198.0
199,121,161.0
199,179,156.0
199,505,154.0
199,180,153.0
199,89,146.0
199,417,146.0
199,24,145.0
199,157,145.0
175,99,230.0
175,57,219.0
175,79,175.0
175,121,161.0
175,505,154.0
175,180,153.0
175,89,146.0
175,417,146.0
175,157,145.0
175,24,145.0
41,99,230.0
41,92,208.0
41,121,161.0
41,179,156.0
41,505,154.0
41,180,153.0
41,417,146.0
41,157,145.0
41,24,145.0
41,72,142.0
174,99,230.0
174,57,219.0
174,92,208.0
174,79,175.0
174,402,169.0
174,505,154.0
174,89,146.0
174,24,145.0
174,157,145.0
174,197,139.0
417,99,230.0
417,57,219.0
417,49,211.0
417,92,208.0
417,143,198.0
417,79,175.0
417,402,169.0
417,121,161.0
417,179,156.0
417,505,154.0
45,99,230.0
45,57,219.0
45,49,211.0
45,92,208.0
45,143,198.0
45,79,175.0
45,402,169.0
45,121,161.0
45,179,156.0
45,505,154.0
229,49,211.0
229,143,198.0
229,79,175.0
229,121,161.0
229,179,156.0
229,180,153.0
229,417,146.0
229,89,146.0
229,24,145.0
229,157,145.0
552,57,219.0
552,49,211.0
552,92,208.0
552,79,175.0
552,402,169.0
552,121,161.0
552,505,154.0
552,89,146.0
552,24,145.0
552,72,142.0
550,99,230.0
550,57,219.0
550,49,211.0
550,92,208.0
550,143,198.0
550,79,175.0
550,402,169.0
550,121,161.0
550,179,156.0
550,505,154.0
541,99,230.0
541,57,219.0
541,49,211.0
541,92,208.0
541,143,198.0
541,79,175.0
541,402,169.0
541,121,161.0
541,179,156.0
541,505,154.0
389,99,230.0
389,57,219.0
389,92,208.0
389,79,175.0
389,402,169.0
389,121,161.0
389,89,146.0
389,24,145.0
389,157,145.0
389,122,142.0
464,99,230.0
464,57,219.0
464,49,211.0
464,92,208.0
464,143,198.0
464,79,175.0
464,402,169.0
464,121,161.0
464,179,156.0
464,505,154.0
646,99,230.0
646,57,219.0
646,179,156.0
646,180,153.0
646,72,142.0
646,122,142.0
646,106,140.0
646,197,139.0
646,27,134.0
646,23,133.0
548,57,219.0
548,49,211.0
548,92,208.0
548,143,198.0
548,79,175.0
548,402,169.0
548,121,161.0
548,179,156.0
548,505,154.0
548,180,153.0
399,143,198.0
399,402,169.0
399,121,161.0
399,179,156.0
399,505,154.0
399,180,153.0
399,89,146.0
399,417,146.0
399,157,145.0
399,72,142.0
135,57,219.0
135,49,211.0
135,92,208.0
135,79,175.0
135,402,169.0
135,121,161.0
135,505,154.0
135,180,153.0
135,89,146.0
135,157,145.0
613,99,230.0
613,57,219.0
613,79,175.0
613,402,169.0
613,121,161.0
613,179,156.0
613,417,146.0
613,89,146.0
613,24,145.0
613,72,142.0
242,99,230.0
242,505,154.0
242,417,146.0
242,157,145.0
242,24,145.0
242,72,142.0
242,122,142.0
242,106,140.0
242,69,134.0
242,480,129.0
283,99,230.0
283,57,219.0
283,49,211.0
283,92,208.0
283,143,198.0
283,79,175.0
283,402,169.0
283,121,161.0
283,179,156.0
283,180,153.0
58,99,230.0
58,57,219.0
58,92,208.0
58,143,198.0
58,402,169.0
58,179,156.0
58,505,154.0
58,180,153.0
58,89,146.0
58,417,146.0
547,79,175.0
547,402,169.0
547,121,161.0
547,179,156.0
547,180,153.0
547,89,146.0
547,157,145.0
547,24,145.0
547,122,142.0
547,106,140.0
329,57,219.0
329,49,211.0
329,92,208.0
329,143,198.0
329,402,169.0
329,121,161.0
329,179,156.0
329,505,154.0
329,180,153.0
329,417,146.0
315,99,230.0
315,57,219.0
315,49,211.0
315,92,208.0
315,79,175.0
315,121,161.0
315,505,154.0
315,417,146.0
315,89,146.0
315,157,145.0
200,402,169.0
200,121,161.0
200,179,156.0
200,417,146.0
200,157,145.0
200,122,142.0
200,23,133.0
200,119,127.0
200,29,120.0
200,459,116.0
319,92,208.0
319,143,198.0
319,402,169.0
319,121,161.0
319,179,156.0
319,505,154.0
319,180,153.0
319,417,146.0
319,89,146.0
319,24,145.0
466,99,230.0
466,57,219.0
466,49,211.0
466,92,208.0
466,143,198.0
466,79,175.0
466,402,169.0
466,179,156.0
466,180,153.0
466,89,146.0
67,49,211.0
67,92,208.0
67,143,198.0
67,402,169.0
67,121,161.0
67,505,154.0
67,89,146.0
67,24,145.0
67,157,145.0
67,122,142.0
177,57,219.0
177,79,175.0
177,402,169.0
177,505,154.0
177,89,146.0
177,24,145.0
177,72,142.0
177,106,140.0
177,197,139.0
177,69,134.0
111,99,230.0
111,57,219.0
111,92,208.0
111,143,198.0
111,79,175.0
111,402,169.0
111,121,161.0
111,179,156.0
111,505,154.0
111,180,153.0
620,99,230.0
620,92,208.0
620,143,198.0
620,121,161.0
620,179,156.0
620,505,154.0
620,180,153.0
620,417,146.0
620,89,146.0
620,24,145.0
411,99,230.0
411,57,219.0
411,49,211.0
411,92,208.0
411,143,198.0
411,79,175.0
411,121,161.0
411,179,156.0
411,505,154.0
411,180,153.0
306,99,230.0
306,57,219.0
306,92,208.0
306,143,198.0
306,402,169.0
306,121,161.0
306,179,156.0
306,505,154.0
306,180,153.0
306,89,146.0
287,99,230.0
287,143,198.0
287,79,175.0
287,402,169.0
287,121,161.0
287,179,156.0
287,505,154.0
287,180,153.0
287,417,146.0
287,24,145.0
163,57,219.0
163,49,211.0
163,92,208.0
163,143,198.0
163,79,175.0
163,402,169.0
163,179,156.0
163,180,153.0
163,89,146.0
163,24,145.0
297,57,219.0
297,49,211.0
297,92,208.0
297,79,175.0
297,121,161.0
297,179,156.0
297,417,146.0
297,89,146.0
297,157,145.0
297,24,145.0
640,49,211.0
640,143,198.0
640,79,175.0
640,402,169.0
640,121,161.0
640,179,156.0
640,180,153.0
640,417,146.0
640,24,145.0
640,157,145.0
366,99,230.0
366,57,219.0
366,49,211.0
366,92,208.0
366,79,175.0
366,179,156.0
366,417,146.0
366,24,145.0
366,157,145.0
366,122,142.0
93,57,219.0
93,49,211.0
93,92,208.0
93,143,198.0
93,402,169.0
93,179,156.0
93,505,154.0
93,180,153.0
93,89,146.0
93,122,142.0
2,92,208.0
2,143,198.0
2,79,175.0
2,402,169.0
2,179,156.0
2,505,154.0
2,180,153.0
2,417,146.0
2,89,146.0
2,24,145.0
139,57,219.0
139,49,211.0
139,143,198.0
139,79,175.0
139,402,169.0
139,121,161.0
139,179,156.0
139,505,154.0
139,180,153.0
139,417,146.0
276,49,211.0
276,92,208.0
276,79,175.0
276,121,161.0
276,179,156.0
276,505,154.0
276,180,153.0
276,417,146.0
276,24,145.0
276,72,142.0
393,99,230.0
393,57,219.0
393,92,208.0
393,143,198.0
393,79,175.0
393,121,161.0
393,179,156.0
393,89,146.0
393,417,146.0
393,157,145.0
634,99,230.0
634,57,219.0
634,143,198.0
634,79,175.0
634,402,169.0
634,121,161.0
634,179,156.0
634,505,154.0
634,180,153.0
634,89,146.0
544,99,230.0
544,57,219.0
544,92,208.0
544,143,198.0
544,79,175.0
544,402,169.0
544,121,161.0
544,179,156.0
544,180,153.0
544,89,146.0
310,49,211.0
310,92,208.0
310,121,161.0
310,179,156.0
310,89,146.0
310,417,146.0
310,157,145.0
310,24,145.0
310,122,142.0
310,69,134.0
522,49,211.0
522,79,175.0
522,505,154.0
522,417,146.0
522,122,142.0
522,106,140.0
522,197,139.0
522,69,134.0
522,23,133.0
522,412,129.0
558,99,230.0
558,57,219.0
558,49,211.0
558,402,169.0
558,121,161.0
558,417,146.0
558,89,146.0
558,24,145.0
558,122,142.0
558,72,142.0
31,99,230.0
31,49,211.0
31,92,208.0
31,143,198.0
31,79,175.0
31,402,169.0
31,121,161.0
31,179,156.0
31,505,154.0
31,180,153.0
362,99,230.0
362,57,219.0
362,49,211.0
362,92,208.0
362,79,175.0
362,402,169.0
362,505,154.0
362,180,153.0
362,157,145.0
362,24,145.0
434,99,230.0
434,57,219.0
434,49,211.0
434,92,208.0
434,402,169.0
434,121,161.0
434,505,154.0
434,180,153.0
434,417,146.0
434,157,145.0
514,99,230.0
514,57,219.0
514,49,211.0
514,92,208.0
514,143,198.0
514,79,175.0
514,402,169.0
514,121,161.0
514,179,156.0
514,505,154.0
469,99,230.0
469,57,219.0
469,49,211.0
469,92,208.0
469,143,198.0
469,79,175.0
469,402,169.0
469,121,161.0
469,179,156.0
469,505,154.0
265,49,211.0
265,143,198.0
265,402,169.0
265,121,161.0
265,179,156.0
265,505,154.0
265,180,153.0
265,89,146.0
265,417,146.0
265,157,145.0
167,49,211.0
167,92,208.0
167,143,198.0
167,79,175.0
167,402,169.0
167,121,161.0
167,89,146.0
167,157,145.0
167,122,142.0
167,72,142.0
185,99,230.0
185,57,219.0
185,49,211.0
185,92,208.0
185,143,198.0
185,79,175.0
185,402,169.0
185,121,161.0
185,179,156.0
185,505,154.0
285,99,230.0
285,57,219.0
285,49,211.0
285,92,208.0
285,143,198.0
285,79,175.0
285,402,169.0
285,121,161.0
285,179,156.0
285,505,154.0
619,99,230.0
619,57,219.0
619,92,208.0
619,79,175.0
619,402,169.0
619,121,161.0
619,505,154.0
619,180,153.0
619,89,146.0
619,417,146.0
361,143,198.0
361,79,175.0
361,402,169.0
361,179,156.0
361,505,154.0
361,89,146.0
361,417,146.0
361,24,145.0
361,122,142.0
361,72,142.0
432,79,175.0
432,89,146.0
432,72,142.0
432,122,142.0
432,106,140.0
432,197,139.0
432,69,134.0
432,27,134.0
432,119,127.0
432,29,120.0
413,99,230.0
413,57,219.0
413,49,211.0
413,92,208.0
413,143,198.0
413,79,175.0
413,402,169.0
413,121,161.0
413,179,156.0
413,505,154.0
651,99,230.0
651,57,219.0
651,49,211.0
651,92,208.0
651,143,198.0
651,79,175.0
651,402,169.0
651,121,161.0
651,179,156.0
651,505,154.0
664,57,219.0
664,79,175.0
664,121,161.0
664,505,154.0
664,180,153.0
664,417,146.0
664,89,146.0
664,157,145.0
664,24,145.0
664,72,142.0
108,57,219.0
108,143,198.0
108,79,175.0
108,402,169.0
108,121,161.0
108,179,156.0
108,505,154.0
108,180,153.0
108,89,146.0
108,417,146.0
301,99,230.0
301,57,219.0
301,49,211.0
301,143,198.0
301,79,175.0
301,402,169.0
301,121,161.0
301,179,156.0
301,505,154.0
301,180,153.0
300,99,230.0
300,57,219.0
300,49,211.0
300,92,208.0
300,143,198.0
300,79,175.0
300,402,169.0
300,121,161.0
300,179,156.0
300,505,154.0
302,57,219.0
302,179,156.0
302,89,146.0
302,417,146.0
302,72,142.0
302,106,140.0
302,69,134.0
302,27,134.0
302,23,133.0
302,480,129.0
375,57,219.0
375,49,211.0
375,92,208.0
375,143,198.0
375,79,175.0
375,402,169.0
375,121,161.0
375,179,156.0
375,505,154.0
375,180,153.0
142,99,230.0
142,57,219.0
142,143,198.0
142,402,169.0
142,179,156.0
142,505,154.0
142,180,153.0
142,89,146.0
142,417,146.0
142,24,145.0
488,99,230.0
488,57,219.0
488,49,211.0
488,92,208.0
488,143,198.0
488,79,175.0
488,402,169.0
488,179,156.0
488,505,154.0
488,180,153.0
303,49,211.0
303,92,208.0
303,143,198.0
303,79,175.0
303,402,169.0
303,121,161.0
303,179,156.0
303,180,153.0
303,417,146.0
303,89,146.0
221,99,230.0
221,57,219.0
221,49,211.0
221,92,208.0
221,143,198.0
221,79,175.0
221,402,169.0
221,121,161.0
221,179,156.0
221,505,154.0
327,99,230.0
327,57,219.0
327,49,211.0
327,92,208.0
327,143,198.0
327,79,175.0
327,402,169.0
327,505,154.0
327,180,153.0
327,89,146.0
643,99,230.0
643,57,219.0
643,49,211.0
643,92,208.0
643,143,198.0
643,402,169.0
643,179,156.0
643,180,153.0
643,417,146.0
643,89,146.0
339,99,230.0
339,49,211.0
339,92,208.0
339,143,198.0
339,79,175.0
339,121,161.0
339,179,156.0
339,505,154.0
339,180,153.0
339,417,146.0
92,99,230.0
92,57,219.0
92,49,211.0
92,92,208.0
92,79,175.0
92,402,169.0
92,121,161.0
92,179,156.0
92,505,154.0
92,89,146.0
182,99,230.0
182,57,219.0
182,92,208.0
182,143,198.0
182,402,169.0
182,179,156.0
182,180,153.0
182,417,146.0
182,89,146.0
182,157,145.0
629,99,230.0
629,49,211.0
629,92,208.0
629,143,198.0
629,79,175.0
629,402,169.0
629,121,161.0
629,179,156.0
629,505,154.0
629,180,153.0
173,99,230.0
173,57,219.0
173,49,211.0
173,92,208.0
173,143,198.0
173,79,175.0
173,402,169.0
173,121,161.0
173,179,156.0
173,505,154.0
494,99,230.0
494,49,211.0
494,92,208.0
494,143,198.0
494,402,169.0
494,121,161.0
494,179,156.0
494,505,154.0
494,180,153.0
494,417,146.0
527,99,230.0
527,57,219.0
527,92,208.0
527,79,175.0
527,121,161.0
527,180,153.0
527,417,146.0
527,89,146.0
527,24,145.0
527,122,142.0
117,99,230.0
117,57,219.0
117,49,211.0
117,143,198.0
117,402,169.0
117,121,161.0
117,180,153.0
117,417,146.0
117,157,145.0
117,122,142.0
218,92,208.0
218,143,198.0
218,402,169.0
218,179,156.0
218,505,154.0
218,89,146.0
218,157,145.0
218,122,142.0
218,72,142.0
218,106,140.0
137,92,208.0
137,143,198.0
137,79,175.0
137,121,161.0
137,179,156.0
137,505,154.0
137,180,153.0
137,89,146.0
137,417,146.0
137,24,145.0
335,99,230.0
335,57,219.0
335,49,211.0
335,92,208.0
335,79,175.0
335,402,169.0
335,121,161.0
335,179,156.0
335,505,154.0
335,180,153.0
618,57,219.0
618,92,208.0
618,143,198.0
618,79,175.0
618,402,169.0
618,121,161.0
618,179,156.0
618,505,154.0
618,180,153.0
618,417,146.0
73,99,230.0
73,49,211.0
73,92,208.0
73,143,198.0
73,121,161.0
73,179,156.0
73,505,154.0
73,180,153.0
73,417,146.0
73,89,146.0
390,57,219.0
390,49,211.0
390,92,208.0
390,143,198.0
390,402,169.0
390,121,161.0
390,179,156.0
390,505,154.0
390,180,153.0
390,89,146.0
472,99,230.0
472,49,211.0
472,92,208.0
472,143,198.0
472,79,175.0
472,121,161.0
472,179,156.0
472,505,154.0
472,180,153.0
472,89,146.0
346,99,230.0
346,57,219.0
346,49,211.0
346,92,208.0
346,402,169.0
346,121,161.0
346,505,154.0
346,417,146.0
346,89,146.0
346,157,145.0
455,99,230.0
455,49,211.0
455,79,175.0
455,121,161.0
455,505,154.0
455,89,146.0
455,157,145.0
455,24,145.0
455,122,142.0
455,106,140.0
116,57,219.0
116,49,211.0
116,92,208.0
116,143,198.0
116,402,169.0
116,121,161.0
116,179,156.0
116,505,154.0
116,180,153.0
116,89,146.0
530,99,230.0
530,49,211.0
530,92,208.0
530,143,198.0
530,79,175.0
530,121,161.0
530,179,156.0
530,505,154.0
530,180,153.0
530,417,146.0
292,99,230.0
292,49,211.0
292,92,208.0
292,143,198.0
292,79,175.0
292,402,169.0
292,121,161.0
292,179,156.0
292,505,154.0
292,180,153.0
501,57,219.0
501,92,208.0
501,79,175.0
501,402,169.0
501,121,161.0
501,180,153.0
501,72,142.0
501,122,142.0
501,106,140.0
501,197,139.0
183,57,219.0
183,143,198.0
183,402,169.0
183,121,161.0
183,179,156.0
183,505,154.0
183,180,153.0
183,89,146.0
183,24,145.0
183,157,145.0
670,92,208.0
670,79,175.0
670,180,153.0
670,157,145.0
670,72,142.0
670,106,140.0
670,197,139.0
670,27,134.0
670,23,133.0
670,129,127.0
505,99,230.0
505,57,219.0
505,49,211.0
505,92,208.0
505,143,198.0
505,79,175.0
505,402,169.0
505,121,161.0
505,179,156.0
505,505,154.0
437,57,219.0
437,92,208.0
437,143,198.0
437,402,169.0
437,121,161.0
437,179,156.0
437,505,154.0
437,180,153.0
437,89,146.0
437,417,146.0
388,57,219.0
388,49,211.0
388,92,208.0
388,143,198.0
388,79,175.0
388,402,169.0
388,121,161.0
388,179,156.0
388,505,154.0
388,180,153.0
555,57,219.0
555,49,211.0
555,143,198.0
555,79,175.0
555,402,169.0
555,121,161.0
555,179,156.0
555,505,154.0
555,180,153.0
555,417,146.0
512,99,230.0
512,143,198.0
512,79,175.0
512,402,169.0
512,121,161.0
512,179,156.0
512,505,154.0
512,180,153.0
512,417,146.0
512,89,146.0
481,99,230.0
481,57,219.0
481,49,211.0
481,92,208.0
481,143,198.0
481,79,175.0
481,402,169.0
481,121,161.0
481,179,156.0
481,505,154.0
424,99,230.0
424,57,219.0
424,49,211.0
424,79,175.0
424,402,169.0
424,121,161.0
424,505,154.0
424,180,153.0
424,89,146.0
424,24,145.0
441,99,230.0
441,402,169.0
441,180,153.0
441,24,145.0
441,69,134.0
441,27,134.0
441,412,129.0
441,447,125.0
441,354,105.0
441,327,96.0
254,99,230.0
254,57,219.0
254,49,211.0
254,92,208.0
254,143,198.0
254,79,175.0
254,402,169.0
254,179,156.0
254,505,154.0
254,180,153.0
492,99,230.0
492,57,219.0
492,49,211.0
492,92,208.0
492,143,198.0
492,79,175.0
492,402,169.0
492,121,161.0
492,179,156.0
492,505,154.0
428,99,230.0
428,57,219.0
428,49,211.0
428,143,198.0
428,79,175.0
428,402,169.0
428,121,161.0
428,179,156.0
428,505,154.0
428,180,153.0
124,99,230.0
124,92,208.0
124,79,175.0
124,89,146.0
124,27,134.0
124,480,129.0
124,119,127.0
124,447,125.0
124,88,111.0
124,432,106.0
36,99,230.0
36,57,219.0
36,49,211.0
36,92,208.0
36,143,198.0
36,79,175.0
36,402,169.0
36,121,161.0
36,179,156.0
36,505,154.0
201,57,219.0
201,49,211.0
201,92,208.0
201,143,198.0
201,79,175.0
201,402,169.0
201,121,161.0
201,505,154.0
201,180,153.0
201,89,146.0
236,57,219.0
236,79,175.0
236,402,169.0
236,417,146.0
236,89,146.0
236,157,145.0
236,24,145.0
236,72,142.0
236,122,142.0
236,106,140.0
158,417,146.0
158,72,142.0
158,122,142.0
158,69,134.0
158,480,129.0
158,119,127.0
158,447,125.0
158,29,120.0
158,459,116.0
158,113,114.0
234,143,198.0
234,79,175.0
234,402,169.0
234,179,156.0
234,180,153.0
234,417,146.0
234,89,146.0
234,157,145.0
234,122,142.0
234,72,142.0
415,99,230.0
415,49,211.0
415,92,208.0
415,143,198.0
415,79,175.0
415,402,169.0
415,121,161.0
415,179,156.0
415,505,154.0
415,180,153.0
396,99,230.0
396,57,219.0
396,49,211.0
396,92,208.0
396,143,198.0
396,79,175.0
396,402,169.0
396,121,161.0
396,179,156.0
396,505,154.0
193,99,230.0
193,57,219.0
193,49,211.0
193,92,208.0
193,143,198.0
193,79,175.0
193,402,169.0
193,121,161.0
193,179,156.0
193,505,154.0
80,99,230.0
80,57,219.0
80,49,211.0
80,92,208.0
80,143,198.0
80,79,175.0
80,402,169.0
80,121,161.0
80,179,156.0
80,505,154.0
50,99,230.0
50,57,219.0
50,49,211.0
50,92,208.0
50,143,198.0
50,79,175.0
50,402,169.0
50,121,161.0
50,179,156.0
50,505,154.0
154,99,230.0
154,57,219.0
154,49,211.0
154,121,161.0
154,505,154.0
154,417,146.0
154,157,145.0
154,24,145.0
154,72,142.0
154,122,142.0
23,99,230.0
23,57,219.0
23,49,211.0
23,92,208.0
23,143,198.0
23,79,175.0
23,402,169.0
23,121,161.0
23,179,156.0
23,505,154.0
49,99,230.0
49,92,208.0
49,143,198.0
49,402,169.0
49,121,161.0
49,179,156.0
49,505,154.0
49,180,153.0
49,417,146.0
49,24,145.0
353,57,219.0
353,49,211.0
353,143,198.0
353,402,169.0
353,121,161.0
353,179,156.0
353,505,154.0
353,180,153.0
353,89,146.0
353,24,145.0
338,57,219.0
338,49,211.0
338,92,208.0
338,143,198.0
338,79,175.0
338,121,161.0
338,179,156.0
338,505,154.0
338,180,153.0
338,417,146.0
223,99,230.0
223,57,219.0
223,92,208.0
223,79,175.0
223,402,169.0
223,121,161.0
223,179,156.0
223,180,153.0
223,89,146.0
223,157,145.0
150,99,230.0
150,92,208.0
150,143,198.0
150,402,169.0
150,121,161.0
150,179,156.0
150,505,154.0
150,180,153.0
150,89,146.0
150,417,146.0
343,49,211.0
343,92,208.0
343,79,175.0
343,402,169.0
343,121,161.0
343,505,154.0
343,417,146.0
343,89,146.0
343,157,145.0
343,122,142.0
435,99,230.0
435,57,219.0
435,49,211.0
435,92,208.0
435,143,198.0
435,79,175.0
435,402,169.0
435,121,161.0
435,179,156.0
435,505,154.0
551,99,230.0
551,57,219.0
551,143,198.0
551,79,175.0
551,402,169.0
551,121,161.0
551,179,156.0
551,505,154.0
551,180,153.0
551,89,146.0
123,49,211.0
123,143,198.0
123,402,169.0
123,121,161.0
123,179,156.0
123,505,154.0
123,180,153.0
123,157,145.0
123,24,145.0
123,72,142.0
405,99,230.0
405,57,219.0
405,49,211.0
405,92,208.0
405,143,198.0
405,79,175.0
405,402,169.0
405,121,161.0
405,179,156.0
405,505,154.0
450,99,230.0
450,57,219.0
450,49,211.0
450,92,208.0
450,79,175.0
450,402,169.0
450,179,156.0
450,505,154.0
450,180,153.0
450,89,146.0
487,99,230.0
487,57,219.0
487,49,211.0
487,92,208.0
487,143,198.0
487,79,175.0
487,402,169.0
487,121,161.0
487,179,156.0
487,505,154.0
40,99,230.0
40,49,211.0
40,92,208.0
40,79,175.0
40,505,154.0
40,180,153.0
40,89,146.0
40,417,146.0
40,157,145.0
40,24,145.0
278,49,211.0
278,143,198.0
278,79,175.0
278,402,169.0
278,121,161.0
278,179,156.0
278,505,154.0
278,180,153.0
278,417,146.0
278,157,145.0
659,99,230.0
659,57,219.0
659,49,211.0
659,92,208.0
659,143,198.0
659,79,175.0
659,402,169.0
659,121,161.0
659,179,156.0
659,505,154.0
392,99,230.0
392,57,219.0
392,49,211.0
392,92,208.0
392,143,198.0
392,79,175.0
392,402,169.0
392,121,161.0
392,179,156.0
392,505,154.0
144,99,230.0
144,49,211.0
144,143,198.0
144,79,175.0
144,402,169.0
144,121,161.0
144,179,156.0
144,505,154.0
144,180,153.0
144,417,146.0
449,57,219.0
449,143,198.0
449,179,156.0
449,505,154.0
449,89,146.0
449,417,146.0
449,24,145.0
449,72,142.0
449,106,140.0
449,197,139.0
170,99,230.0
170,57,219.0
170,92,208.0
170,143,198.0
170,79,175.0
170,402,169.0
170,179,156.0
170,505,154.0
170,417,146.0
170,89,146.0
7,99,230.0
7,505,154.0
7,417,146.0
7,72,142.0
7,122,142.0
7,106,140.0
7,197,139.0
7,480,129.0
7,447,125.0
7,29,120.0
295,99,230.0
295,57,219.0
295,49,211.0
295,92,208.0
295,143,198.0
295,79,175.0
295,402,169.0
295,121,161.0
295,179,156.0
295,505,154.0
203,99,230.0
203,57,219.0
203,49,211.0
203,92,208.0
203,143,198.0
203,79,175.0
203,402,169.0
203,121,161.0
203,179,156.0
203,505,154.0
371,99,230.0
371,57,219.0
371,49,211.0
371,92,208.0
371,143,198.0
371,79,175.0
371,402,169.0
371,121,161.0
371,179,156.0
371,505,154.0
523,99,230.0
523,57,219.0
523,49,211.0
523,92,208.0
523,143,198.0
523,79,175.0
523,402,169.0
523,121,161.0
523,179,156.0
523,505,154.0
222,99,230.0
222,57,219.0
222,49,211.0
222,92,208.0
222,143,198.0
222,79,175.0
222,402,169.0
222,121,161.0
222,179,156.0
222,180,153.0
347,99,230.0
347,49,211.0
347,143,198.0
347,79,175.0
347,402,169.0
347,179,156.0
347,505,154.0
347,180,153.0
347,417,146.0
347,89,146.0
290,57,219.0
290,49,211.0
290,92,208.0
290,143,198.0
290,79,175.0
290,121,161.0
290,179,156.0
290,505,154.0
290,180,153.0
290,417,146.0
453,57,219.0
453,49,211.0
453,79,175.0
453,179,156.0
453,180,153.0
453,417,146.0
453,89,146.0
453,72,142.0
453,106,140.0
453,197,139.0
446,57,219.0
446,49,211.0
446,143,198.0
446,79,175.0
446,402,169.0
446,121,161.0
446,179,156.0
446,180,153.0
446,417,146.0
446,89,146.0
39,99,230.0
39,57,219.0
39,49,211.0
39,92,208.0
39,143,198.0
39,79,175.0
39,402,169.0
39,121,161.0
39,505,154.0
39,417,146.0
61,99,230.0
61,57,219.0
61,49,211.0
61,92,208.0
61,79,175.0
61,402,169.0
61,121,161.0
61,179,156.0
61,505,154.0
61,180,153.0
495,49,211.0
495,92,208.0
495,143,198.0
495,79,175.0
495,402,169.0
495,121,161.0
495,179,156.0
495,505,154.0
495,180,153.0
495,417,146.0
419,99,230.0
419,57,219.0
419,49,211.0
419,92,208.0
419,143,198.0
419,79,175.0
419,402,169.0
419,121,161.0
419,505,154.0
419,89,146.0
439,99,230.0
439,57,219.0
439,49,211.0
439,143,198.0
439,79,175.0
439,402,169.0
439,121,161.0
439,179,156.0
439,505,154.0
439,180,153.0
189,99,230.0
189,57,219.0
189,49,211.0
189,92,208.0
189,143,198.0
189,79,175.0
189,402,169.0
189,121,161.0
189,179,156.0
189,505,154.0
165,99,230.0
165,49,211.0
165,92,208.0
165,143,198.0
165,79,175.0
165,402,169.0
165,121,161.0
165,179,156.0
165,505,154.0
165,180,153.0
252,57,219.0
252,79,175.0
252,402,169.0
252,505,154.0
252,24,145.0
252,197,139.0
252,69,134.0
252,23,133.0
252,129,127.0
252,447,125.0
625,99,230.0
625,57,219.0
625,49,211.0
625,92,208.0
625,143,198.0
625,79,175.0
625,402,169.0
625,179,156.0
625,505,154.0
625,89,146.0
569,99,230.0
569,143,198.0
569,79,175.0
569,402,169.0
569,121,161.0
569,179,156.0
569,89,146.0
569,417,146.0
569,24,145.0
569,157,145.0
477,99,230.0
477,92,208.0
477,143,198.0
477,79,175.0
477,121,161.0
477,179,156.0
477,505,154.0
477,180,153.0
477,89,146.0
477,417,146.0
592,99,230.0
592,143,198.0
592,79,175.0
592,402,169.0
592,121,161.0
592,179,156.0
592,505,154.0
592,180,153.0
592,417,146.0
592,24,145.0
562,99,230.0
562,92,208.0
562,143,198.0
562,79,175.0
562,121,161.0
562,180,153.0
562,89,146.0
562,417,146.0
562,157,145.0
562,24,145.0
141,99,230.0
141,57,219.0
141,49,211.0
141,92,208.0
141,143,198.0
141,79,175.0
141,402,169.0
141,121,161.0
141,179,156.0
141,505,154.0
326,99,230.0
326,57,219.0
326,49,211.0
326,92,208.0
326,79,175.0
326,402,169.0
326,121,161.0
326,180,153.0
326,89,146.0
326,417,146.0
403,99,230.0
403,57,219.0
403,49,211.0
403,143,198.0
403,79,175.0
403,402,169.0
403,121,161.0
403,179,156.0
403,505,154.0
403,180,153.0
342,99,230.0
342,57,219.0
342,49,211.0
342,92,208.0
342,79,175.0
342,402,169.0
342,121,161.0
342,179,156.0
342,505,154.0
342,180,153.0
658,99,230.0
658,49,211.0
658,143,198.0
658,402,169.0
658,121,161.0
658,180,153.0
658,417,146.0
658,157,145.0
658,122,142.0
658,197,139.0
64,99,230.0
64,57,219.0
64,49,211.0
64,92,208.0
64,79,175.0
64,402,169.0
64,121,161.0
64,179,156.0
64,505,154.0
64,180,153.0
253,99,230.0
253,57,219.0
253,49,211.0
253,79,175.0
253,402,169.0
253,121,161.0
253,179,156.0
253,180,153.0
253,89,146.0
253,417,146.0
51,99,230.0
51,57,219.0
51,49,211.0
51,92,208.0
51,143,198.0
51,79,175.0
51,402,169.0
51,179,156.0
51,505,154.0
51,180,153.0
627,99,230.0
627,57,219.0
627,49,211.0
627,92,208.0
627,143,198.0
627,79,175.0
627,402,169.0
627,121,161.0
627,179,156.0
627,505,154.0
542,99,230.0
542,57,219.0
542,49,211.0
542,92,208.0
542,79,175.0
542,402,169.0
542,121,161.0
542,179,156.0
542,180,153.0
542,89,146.0
341,57,219.0
341,49,211.0
341,402,169.0
341,121,161.0
341,179,156.0
341,180,153.0
341,89,146.0
341,417,146.0
341,122,142.0
341,72,142.0
209,99,230.0
209,57,219.0
209,49,211.0
209,92,208.0
209,143,198.0
209,79,175.0
209,402,169.0
209,121,161.0
209,179,156.0
209,505,154.0
628,99,230.0
628,49,211.0
628,92,208.0
628,143,198.0
628,79,175.0
628,402,169.0
628,121,161.0
628,179,156.0
628,505,154.0
628,180,153.0
190,92,208.0
190,143,198.0
190,79,175.0
190,402,169.0
190,121,161.0
190,179,156.0
190,505,154.0
190,180,153.0
190,417,146.0
190,89,146.0
244,99,230.0
244,49,211.0
244,92,208.0
244,143,198.0
244,402,169.0
244,179,156.0
244,505,154.0
244,180,153.0
244,89,146.0
244,417,146.0
328,99,230.0
328,57,219.0
328,49,211.0
328,92,208.0
328,79,175.0
328,402,169.0
328,121,161.0
328,179,156.0
328,505,154.0
328,180,153.0
282,99,230.0
282,92,208.0
282,143,198.0
282,402,169.0
282,179,156.0
282,180,153.0
282,417,146.0
282,89,146.0
282,157,145.0
282,122,142.0
509,57,219.0
509,143,198.0
509,79,175.0
509,402,169.0
509,121,161.0
509,179,156.0
509,505,154.0
509,180,153.0
509,89,146.0
509,417,146.0
106,99,230.0
106,57,219.0
106,92,208.0
106,143,198.0
106,402,169.0
106,121,161.0
106,179,156.0
106,505,154.0
106,180,153.0
106,89,146.0
378,143,198.0
378,179,156.0
378,505,154.0
378,180,153.0
378,89,146.0
378,24,145.0
378,157,145.0
378,72,142.0
378,106,140.0
378,197,139.0
612,99,230.0
612,57,219.0
612,49,211.0
612,143,198.0
612,79,175.0
612,179,156.0
612,505,154.0
612,89,146.0
612,417,146.0
612,72,142.0
228,99,230.0
228,57,219.0
228,49,211.0
228,92,208.0
228,143,198.0
228,79,175.0
228,402,169.0
228,121,161.0
228,179,156.0
228,505,154.0
358,57,219.0
358,49,211.0
358,92,208.0
358,143,198.0
358,402,169.0
358,121,161.0
358,179,156.0
358,505,154.0
358,89,146.0
358,417,146.0
398,57,219.0
398,143,198.0
398,79,175.0
398,402,169.0
398,121,161.0
398,179,156.0
398,505,154.0
398,180,153.0
398,417,146.0
398,89,146.0
593,99,230.0
593,57,219.0
593,92,208.0
593,143,198.0
593,402,169.0
593,121,161.0
593,505,154.0
593,89,146.0
593,24,145.0
593,122,142.0
486,99,230.0
486,143,198.0
486,402,169.0
486,121,161.0
486,179,156.0
486,505,154.0
486,180,153.0
486,417,146.0
486,89,146.0
486,157,145.0
289,99,230.0
289,57,219.0
289,49,211.0
289,92,208.0
289,79,175.0
289,402,169.0
289,121,161.0
289,179,156.0
289,505,154.0
289,180,153.0
585,92,208.0
585,143,198.0
585,121,161.0
585,179,156.0
585,180,153.0
585,89,146.0
585,24,145.0
585,157,145.0
585,122,142.0
585,69,134.0
630,99,230.0
630,57,219.0
630,49,211.0
630,92,208.0
630,143,198.0
630,79,175.0
630,402,169.0
630,121,161.0
630,179,156.0
630,505,154.0
83,99,230.0
83,57,219.0
83,49,211.0
83,92,208.0
83,79,175.0
83,505,154.0
83,89,146.0
83,157,145.0
83,24,145.0
83,72,142.0
610,99,230.0
610,49,211.0
610,92,208.0
610,143,198.0
610,79,175.0
610,402,169.0
610,121,161.0
610,179,156.0
610,505,154.0
610,180,153.0
5,99,230.0
5,57,219.0
5,49,211.0
5,92,208.0
5,143,198.0
5,79,175.0
5,402,169.0
5,121,161.0
5,179,156.0
5,505,154.0
197,99,230.0
197,57,219.0
197,49,211.0
197,92,208.0
197,143,198.0
197,79,175.0
197,402,169.0
197,179,156.0
197,180,153.0
197,89,146.0
657,99,230.0
657,49,211.0
657,143,198.0
657,79,175.0
657,402,169.0
657,121,161.0
657,179,156.0
657,505,154.0
657,180,153.0
657,417,146.0
368,99,230.0
368,49,211.0
368,92,208.0
368,143,198.0
368,402,169.0
368,121,161.0
368,179,156.0
368,505,154.0
368,180,153.0
368,417,146.0
570,99,230.0
570,57,219.0
570,49,211.0
570,92,208.0
570,143,198.0
570,79,175.0
570,402,169.0
570,179,156.0
570,505,154.0
570,180,153.0
274,99,230.0
274,49,211.0
274,92,208.0
274,143,198.0
274,79,175.0
274,179,156.0
274,106,140.0
274,23,133.0
274,480,129.0
274,412,129.0
641,99,230.0
641,57,219.0
641,49,211.0
641,92,208.0
641,143,198.0
641,79,175.0
641,402,169.0
641,121,161.0
641,179,156.0
641,505,154.0
575,99,230.0
575,57,219.0
575,49,211.0
575,92,208.0
575,79,175.0
575,121,161.0
575,505,154.0
575,180,153.0
575,417,146.0
575,89,146.0
122,99,230.0
122,57,219.0
122,49,211.0
122,92,208.0
122,143,198.0
122,79,175.0
122,402,169.0
122,121,161.0
122,179,156.0
122,505,154.0
251,99,230.0
251,57,219.0
251,49,211.0
251,92,208.0
251,79,175.0
251,402,169.0
251,121,161.0
251,179,156.0
251,505,154.0
251,180,153.0
9,57,219.0
9,49,211.0
9,92,208.0
9,143,198.0
9,79,175.0
9,121,161.0
9,505,154.0
9,180,153.0
9,89,146.0
9,417,146.0
571,143,198.0
571,179,156.0
571,505,154.0
571,180,153.0
571,417,146.0
571,89,146.0
571,72,142.0
571,106,140.0
571,197,139.0
571,27,134.0
608,99,230.0
608,57,219.0
608,49,211.0
608,92,208.0
608,143,198.0
608,79,175.0
608,402,169.0
608,121,161.0
608,179,156.0
608,505,154.0
68,92,208.0
68,143,198.0
68,402,169.0
68,121,161.0
68,179,156.0
68,505,154.0
68,180,153.0
68,417,146.0
68,89,146.0
68,24,145.0
19,99,230.0
19,57,219.0
19,49,211.0
19,92,208.0
19,143,198.0
19,79,175.0
19,121,161.0
19,179,156.0
19,505,154.0
19,180,153.0
169,99,230.0
169,57,219.0
169,49,211.0
169,92,208.0
169,143,198.0
169,79,175.0
169,402,169.0
169,121,161.0
169,179,156.0
169,505,154.0
214,99,230.0
214,57,219.0
214,49,211.0
214,92,208.0
214,143,198.0
214,402,169.0
214,121,161.0
214,179,156.0
214,180,153.0
214,89,146.0
391,99,230.0
391,57,219.0
391,49,211.0
391,92,208.0
391,143,198.0
391,79,175.0
391,402,169.0
391,179,156.0
391,505,154.0
391,180,153.0
365,99,230.0
365,57,219.0
365,49,211.0
365,92,208.0
365,143,198.0
365,79,175.0
365,402,169.0
365,121,161.0
365,179,156.0
365,505,154.0
334,99,230.0
334,57,219.0
334,49,211.0
334,92,208.0
334,143,198.0
334,79,175.0
334,402,169.0
334,121,161.0
334,179,156.0
334,505,154.0
454,99,230.0
454,57,219.0
454,92,208.0
454,143,198.0
454,79,175.0
454,402,169.0
454,121,161.0
454,179,156.0
454,505,154.0
454,180,153.0
622,99,230.0
622,57,219.0
622,49,211.0
622,92,208.0
622,143,198.0
622,179,156.0
622,505,154.0
622,180,153.0
622,24,145.0
622,157,145.0
537,57,219.0
537,49,211.0
537,92,208.0
537,143,198.0
537,79,175.0
537,402,169.0
537,121,161.0
537,179,156.0
537,505,154.0
537,180,153.0
621,99,230.0
621,57,219.0
621,49,211.0
621,92,208.0
621,143,198.0
621,79,175.0
621,121,161.0
621,505,154.0
621,417,146.0
621,89,146.0
13,99,230.0
13,57,219.0
13,49,211.0
13,92,208.0
13,143,198.0
13,79,175.0
13,402,169.0
13,121,161.0
13,505,154.0
13,180,153.0
376,99,230.0
376,57,219.0
376,49,211.0
376,92,208.0
376,143,198.0
376,79,175.0
376,402,169.0
376,121,161.0
376,179,156.0
376,505,154.0
599,99,230.0
599,57,219.0
599,49,211.0
599,92,208.0
599,143,198.0
599,79,175.0
599,402,169.0
599,121,161.0
599,179,156.0
599,505,154.0
187,57,219.0
187,143,198.0
187,402,169.0
187,121,161.0
187,179,156.0
187,505,154.0
187,180,153.0
187,417,146.0
187,24,145.0
187,157,145.0
556,99,230.0
556,57,219.0
556,49,211.0
556,92,208.0
556,143,198.0
556,79,175.0
556,402,169.0
556,121,161.0
556,179,156.0
556,505,154.0
30,57,219.0
30,92,208.0
30,121,161.0
30,179,156.0
30,505,154.0
30,180,153.0
30,89,146.0
30,417,146.0
30,157,145.0
30,72,142.0
382,99,230.0
382,92,208.0
382,79,175.0
382,402,169.0
382,121,161.0
382,179,156.0
382,89,146.0
382,157,145.0
382,24,145.0
382,122,142.0
304,99,230.0
304,57,219.0
304,49,211.0
304,92,208.0
304,143,198.0
304,79,175.0
304,402,169.0
304,121,161.0
304,179,156.0
304,505,154.0
243,49,211.0
243,92,208.0
243,143,198.0
243,402,169.0
243,121,161.0
243,505,154.0
243,180,153.0
243,417,146.0
243,157,145.0
243,24,145.0
78,99,230.0
78,49,211.0
78,92,208.0
78,143,198.0
78,79,175.0
78,402,169.0
78,121,161.0
78,179,156.0
78,505,154.0
78,180,153.0
314,99,230.0
314,57,219.0
314,49,211.0
314,92,208.0
314,143,198.0
314,79,175.0
314,402,169.0
314,121,161.0
314,179,156.0
314,505,154.0
140,57,219.0
140,49,211.0
140,92,208.0
140,143,198.0
140,79,175.0
140,121,161.0
140,179,156.0
140,505,154.0
140,180,153.0
140,89,146.0
397,99,230.0
397,57,219.0
397,49,211.0
397,92,208.0
397,143,198.0
397,79,175.0
397,402,169.0
397,121,161.0
397,505,154.0
397,417,146.0
384,143,198.0
384,79,175.0
384,402,169.0
384,121,161.0
384,179,156.0
384,180,153.0
384,417,146.0
384,157,145.0
384,24,145.0
384,122,142.0
408,57,219.0
408,92,208.0
408,143,198.0
408,79,175.0
408,402,169.0
408,121,161.0
408,179,156.0
408,505,154.0
408,180,153.0
408,89,146.0
153,99,230.0
153,57,219.0
153,49,211.0
153,92,208.0
153,143,198.0
153,79,175.0
153,402,169.0
153,121,161.0
153,179,156.0
153,180,153.0
317,99,230.0
317,57,219.0
317,49,211.0
317,92,208.0
317,143,198.0
317,79,175.0
317,402,169.0
317,121,161.0
317,179,156.0
317,505,154.0
205,99,230.0
205,57,219.0
205,49,211.0
205,92,208.0
205,143,198.0
205,79,175.0
205,402,169.0
205,121,161.0
205,505,154.0
205,417,146.0
572,99,230.0
572,57,219.0
572,49,211.0
572,92,208.0
572,143,198.0
572,79,175.0
572,402,169.0
572,121,161.0
572,179,156.0
572,505,154.0
668,99,230.0
668,57,219.0
668,49,211.0
668,92,208.0
668,79,175.0
668,402,169.0
668,121,161.0
668,179,156.0
668,505,154.0
668,180,153.0
616,99,230.0
616,49,211.0
616,143,198.0
616,402,169.0
616,121,161.0
616,179,156.0
616,505,154.0
616,180,153.0
616,417,146.0
616,89,146.0
99,99,230.0
99,57,219.0
99,49,211.0
99,92,208.0
99,143,198.0
99,79,175.0
99,402,169.0
99,121,161.0
99,179,156.0
99,180,153.0
322,57,219.0
322,49,211.0
322,92,208.0
322,143,198.0
322,402,169.0
322,121,161.0
322,179,156.0
322,505,154.0
322,180,153.0
322,89,146.0
215,57,219.0
215,49,211.0
215,92,208.0
215,79,175.0
215,402,169.0
215,505,154.0
215,417,146.0
215,89,146.0
215,157,145.0
215,24,145.0
510,57,219.0
510,92,208.0
510,143,198.0
510,79,175.0
510,402,169.0
510,121,161.0
510,179,156.0
510,180,153.0
510,417,146.0
510,89,146.0
268,99,230.0
268,57,219.0
268,49,211.0
268,92,208.0
268,143,198.0
268,79,175.0
268,402,169.0
268,121,161.0
268,179,156.0
268,505,154.0
179,99,230.0
179,57,219.0
179,49,211.0
179,92,208.0
179,143,198.0
179,402,169.0
179,121,161.0
179,179,156.0
179,505,154.0
179,180,153.0
307,99,230.0
307,57,219.0
307,49,211.0
307,92,208.0
307,143,198.0
307,79,175.0
307,402,169.0
307,121,161.0
307,179,156.0
307,505,154.0
125,49,211.0
125,143,198.0
125,79,175.0
125,402,169.0
125,121,161.0
125,179,156.0
125,505,154.0
125,180,153.0
125,24,145.0
125,157,145.0
26,99,230.0
26,57,219.0
26,143,198.0
26,402,169.0
26,179,156.0
26,505,154.0
26,180,153.0
26,417,146.0
26,89,146.0
26,157,145.0
152,99,230.0
152,57,219.0
152,92,208.0
152,143,198.0
152,79,175.0
152,179,156.0
152,505,154.0
152,180,153.0
152,89,146.0
152,24,145.0
10,99,230.0
10,57,219.0
10,92,208.0
10,143,198.0
10,79,175.0
10,402,169.0
10,121,161.0
10,179,156.0
10,505,154.0
10,180,153.0
162,57,219.0
162,49,211.0
162,402,169.0
162,505,154.0
162,180,153.0
162,417,146.0
162,89,146.0
162,24,145.0
162,122,142.0
162,197,139.0
473,99,230.0
473,57,219.0
473,49,211.0
473,92,208.0
473,143,198.0
473,79,175.0
473,402,169.0
473,121,161.0
473,179,156.0
473,505,154.0
506,99,230.0
506,57,219.0
506,49,211.0
506,92,208.0
506,79,175.0
506,402,169.0
506,121,161.0
506,179,156.0
506,505,154.0
506,180,153.0
63,99,230.0
63,143,198.0
63,79,175.0
63,402,169.0
63,121,161.0
63,179,156.0
63,505,154.0
63,180,153.0
63,417,146.0
63,89,146.0
275,99,230.0
275,57,219.0
275,49,211.0
275,92,208.0
275,143,198.0
275,79,175.0
275,402,169.0
275,121,161.0
275,179,156.0
275,505,154.0
34,99,230.0
34,57,219.0
34,49,211.0
34,92,208.0
34,143,198.0
34,79,175.0
34,402,169.0
34,121,161.0
34,179,156.0
34,505,154.0
600,99,230.0
600,57,219.0
600,49,211.0
600,92,208.0
600,143,198.0
600,79,175.0
600,402,169.0
600,121,161.0
600,179,156.0
600,505,154.0
609,99,230.0
609,57,219.0
609,49,211.0
609,92,208.0
609,143,198.0
609,79,175.0
609,402,169.0
609,121,161.0
609,179,156.0
609,505,154.0
336,99,230.0
336,57,219.0
336,49,211.0
336,92,208.0
336,79,175.0
336,402,169.0
336,121,161.0
336,179,156.0
336,505,154.0
336,180,153.0
277,99,230.0
277,57,219.0
277,92,208.0
277,143,198.0
277,79,175.0
277,402,169.0
277,121,161.0
277,179,156.0
277,505,154.0
277,180,153.0
503,99,230.0
503,57,219.0
503,49,211.0
503,92,208.0
503,143,198.0
503,79,175.0
503,402,169.0
503,121,161.0
503,179,156.0
503,505,154.0
107,99,230.0
107,49,211.0
107,143,198.0
107,79,175.0
107,402,169.0
107,121,161.0
107,179,156.0
107,505,154.0
107,180,153.0
107,89,146.0
416,99,230.0
416,49,211.0
416,92,208.0
416,79,175.0
416,121,161.0
416,505,154.0
416,180,153.0
416,89,146.0
416,157,145.0
416,24,145.0
650,99,230.0
650,57,219.0
650,49,211.0
650,92,208.0
650,143,198.0
650,79,175.0
650,402,169.0
650,121,161.0
650,505,154.0
650,180,153.0
423,99,230.0
423,57,219.0
423,49,211.0
423,92,208.0
423,143,198.0
423,79,175.0
423,402,169.0
423,121,161.0
423,179,156.0
423,505,154.0
318,99,230.0
318,57,219.0
318,49,211.0
318,143,198.0
318,79,175.0
318,402,169.0
318,121,161.0
318,179,156.0
318,505,154.0
318,180,153.0
553,99,230.0
553,57,219.0
553,49,211.0
553,143,198.0
553,402,169.0
553,121,161.0
553,505,154.0
553,180,153.0
553,89,146.0
553,417,146.0
325,99,230.0
325,57,219.0
325,49,211.0
325,92,208.0
325,143,198.0
325,79,175.0
325,402,169.0
325,121,161.0
325,505,154.0
325,180,153.0
155,99,230.0
155,57,219.0
155,49,211.0
155,92,208.0
155,143,198.0
155,79,175.0
155,402,169.0
155,179,156.0
155,505,154.0
155,180,153.0
418,99,230.0
418,57,219.0
418,49,211.0
418,92,208.0
418,143,198.0
418,79,175.0
418,402,169.0
418,121,161.0
418,179,156.0
418,505,154.0
545,49,211.0
545,92,208.0
545,143,198.0
545,79,175.0
545,121,161.0
545,179,156.0
545,505,154.0
545,180,153.0
545,89,146.0
545,417,146.0
632,49,211.0
632,92,208.0
632,143,198.0
632,79,175.0
632,402,169.0
632,121,161.0
632,179,156.0
632,505,154.0
632,180,153.0
632,89,146.0
324,99,230.0
324,57,219.0
324,49,211.0
324,92,208.0
324,143,198.0
324,79,175.0
324,402,169.0
324,121,161.0
324,179,156.0
324,505,154.0
333,99,230.0
333,57,219.0
333,92,208.0
333,79,175.0
333,121,161.0
333,179,156.0
333,505,154.0
333,180,153.0
333,89,146.0
333,24,145.0
260,99,230.0
260,49,211.0
260,79,175.0
260,402,169.0
260,179,156.0
260,505,154.0
260,180,153.0
260,417,146.0
260,157,145.0
260,122,142.0
356,99,230.0
356,57,219.0
356,49,211.0
356,92,208.0
356,143,198.0
356,79,175.0
356,402,169.0
356,121,161.0
356,179,156.0
356,505,154.0
263,99,230.0
263,49,211.0
263,92,208.0
263,143,198.0
263,402,169.0
263,121,161.0
263,179,156.0
263,505,154.0
263,180,153.0
263,417,146.0
81,143,198.0
81,79,175.0
81,402,169.0
81,121,161.0
81,179,156.0
81,505,154.0
81,180,153.0
81,89,146.0
81,417,146.0
81,157,145.0
232,99,230.0
232,57,219.0
232,49,211.0
232,92,208.0
232,143,198.0
232,79,175.0
232,402,169.0
232,121,161.0
232,179,156.0
232,180,153.0
109,99,230.0
109,402,169.0
109,121,161.0
109,179,156.0
109,505,154.0
109,180,153.0
109,417,146.0
109,24,145.0
109,157,145.0
109,122,142.0
564,99,230.0
564,57,219.0
564,49,211.0
564,92,208.0
564,143,198.0
564,79,175.0
564,179,156.0
564,180,153.0
564,417,146.0
564,24,145.0
502,99,230.0
502,57,219.0
502,49,211.0
502,92,208.0
502,121,161.0
502,505,154.0
502,89,146.0
502,24,145.0
502,122,142.0
502,106,140.0
497,99,230.0
497,57,219.0
497,49,211.0
497,92,208.0
497,143,198.0
497,79,175.0
497,402,169.0
497,121,161.0
497,179,156.0
497,505,154.0
130,99,230.0
130,49,211.0
130,143,198.0
130,79,175.0
130,402,169.0
130,121,161.0
130,179,156.0
130,505,154.0
130,180,153.0
130,89,146.0
539,57,219.0
539,49,211.0
539,92,208.0
539,143,198.0
539,79,175.0
539,402,169.0
539,121,161.0
539,179,156.0
539,505,154.0
539,180,153.0
89,99,230.0
89,57,219.0
89,49,211.0
89,92,208.0
89,79,175.0
89,402,169.0
89,121,161.0
89,179,156.0
89,180,153.0
89,89,146.0
299,99,230.0
299,57,219.0
299,49,211.0
299,79,175.0
299,402,169.0
299,179,156.0
299,505,154.0
299,417,146.0
299,89,146.0
299,24,145.0
566,49,211.0
566,79,175.0
566,402,169.0
566,179,156.0
566,505,154.0
566,180,153.0
566,417,146.0
566,24,145.0
566,72,142.0
566,106,140.0
330,99,230.0
330,57,219.0
330,49,211.0
330,92,208.0
330,143,198.0
330,79,175.0
330,402,169.0
330,121,161.0
330,179,156.0
330,505,154.0
37,99,230.0
37,143,198.0
37,179,156.0
37,505,154.0
37,180,153.0
37,89,146.0
37,417,146.0
37,24,145.0
37,72,142.0
37,106,140.0
420,49,211.0
420,92,208.0
420,143,198.0
420,79,175.0
420,402,169.0
420,121,161.0
420,179,156.0
420,505,154.0
420,180,153.0
420,89,146.0
476,99,230.0
476,57,219.0
476,49,211.0
476,92,208.0
476,143,198.0
476,79,175.0
476,402,169.0
476,121,161.0
476,179,156.0
476,505,154.0
79,99,230.0
79,57,219.0
79,49,211.0
79,92,208.0
79,143,198.0
79,79,175.0
79,402,169.0
79,121,161.0
79,179,156.0
79,180,153.0
90,49,211.0
90,92,208.0
90,79,175.0
90,121,161.0
90,505,154.0
90,180,153.0
90,157,145.0
90,24,145.0
90,122,142.0
90,72,142.0
53,57,219.0
53,49,211.0
53,92,208.0
53,143,198.0
53,79,175.0
53,121,161.0
53,179,156.0
53,505,154.0
53,180,153.0
53,89,146.0
258,99,230.0
258,49,211.0
258,92,208.0
258,143,198.0
258,79,175.0
258,402,169.0
258,179,156.0
258,180,153.0
258,417,146.0
258,89,146.0
121,57,219.0
121,49,211.0
121,92,208.0
121,143,198.0
121,79,175.0
121,402,169.0
121,121,161.0
121,179,156.0
121,505,154.0
121,180,153.0
359,99,230.0
359,57,219.0
359,49,211.0
359,143,198.0
359,79,175.0
359,402,169.0
359,121,161.0
359,179,156.0
359,180,153.0
359,89,146.0
59,99,230.0
59,57,219.0
59,49,211.0
59,92,208.0
59,143,198.0
59,79,175.0
59,402,169.0
59,121,161.0
59,179,156.0
59,505,154.0
444,143,198.0
444,79,175.0
444,402,169.0
444,121,161.0
444,179,156.0
444,505,154.0
444,180,153.0
444,417,146.0
444,89,146.0
444,24,145.0
136,99,230.0
136,57,219.0
136,92,208.0
136,143,198.0
136,79,175.0
136,121,161.0
136,179,156.0
136,505,154.0
136,180,153.0
136,417,146.0
131,99,230.0
131,57,219.0
131,143,198.0
131,79,175.0
131,121,161.0
131,179,156.0
131,505,154.0
131,180,153.0
131,417,146.0
131,89,146.0
191,99,230.0
191,49,211.0
191,92,208.0
191,143,198.0
191,402,169.0
191,121,161.0
191,179,156.0
191,505,154.0
191,180,153.0
191,417,146.0
565,57,219.0
565,49,211.0
565,92,208.0
565,143,198.0
565,79,175.0
565,402,169.0
565,121,161.0
565,179,156.0
565,505,154.0
565,180,153.0
15,57,219.0
15,49,211.0
15,92,208.0
15,143,198.0
15,402,169.0
15,179,156.0
15,505,154.0
15,180,153.0
15,89,146.0
15,417,146.0
320,99,230.0
320,57,219.0
320,92,208.0
320,143,198.0
320,79,175.0
320,402,169.0
320,121,161.0
320,179,156.0
320,180,153.0
320,89,146.0
115,57,219.0
115,49,211.0
115,92,208.0
115,79,175.0
115,121,161.0
115,179,156.0
115,505,154.0
115,180,153.0
115,417,146.0
115,89,146.0
525,99,230.0
525,57,219.0
525,49,211.0
525,92,208.0
525,143,198.0
525,79,175.0
525,402,169.0
525,121,161.0
525,179,156.0
525,505,154.0
266,57,219.0
266,79,175.0
266,402,169.0
266,179,156.0
266,505,154.0
266,180,153.0
266,89,146.0
266,417,146.0
266,157,145.0
266,122,142.0
313,49,211.0
313,143,198.0
313,79,175.0
313,121,161.0
313,505,154.0
313,89,146.0
313,417,146.0
313,24,145.0
313,157,145.0
313,122,142.0
230,99,230.0
230,57,219.0
230,92,208.0
230,143,198.0
230,79,175.0
230,402,169.0
230,179,156.0
230,180,153.0
230,417,146.0
230,89,146.0
331,99,230.0
331,57,219.0
331,49,211.0
331,92,208.0
331,143,198.0
331,79,175.0
331,402,169.0
331,121,161.0
331,179,156.0
331,505,154.0
280,99,230.0
280,402,169.0
280,179,156.0
280,180,153.0
280,417,146.0
280,24,145.0
280,122,142.0
280,106,140.0
280,27,134.0
280,69,134.0
588,99,230.0
588,57,219.0
588,49,211.0
588,92,208.0
588,143,198.0
588,79,175.0
588,402,169.0
588,121,161.0
588,179,156.0
588,505,154.0
567,99,230.0
567,57,219.0
567,49,211.0
567,143,198.0
567,79,175.0
567,402,169.0
567,121,161.0
567,179,156.0
567,505,154.0
567,180,153.0
1,99,230.0
1,57,219.0
1,49,211.0
1,92,208.0
1,143,198.0
1,402,169.0
1,121,161.0
1,179,156.0
1,505,154.0
1,180,153.0
226,99,230.0
226,57,219.0
226,49,211.0
226,92,208.0
226,143,198.0
226,79,175.0
226,402,169.0
226,121,161.0
226,179,156.0
226,505,154.0
669,57,219.0
669,49,211.0
669,143,198.0
669,79,175.0
669,121,161.0
669,179,156.0
669,180,153.0
669,89,146.0
669,157,145.0
669,24,145.0
374,99,230.0
374,143,198.0
374,79,175.0
374,402,169.0
374,121,161.0
374,179,156.0
374,505,154.0
374,180,153.0
374,417,146.0
374,89,146.0
603,99,230.0
603,57,219.0
603,49,211.0
603,92,208.0
603,143,198.0
603,79,175.0
603,402,169.0
603,121,161.0
603,179,156.0
603,505,154.0
114,57,219.0
114,49,211.0
114,92,208.0
114,143,198.0
114,79,175.0
114,402,169.0
114,121,161.0
114,179,156.0
114,180,153.0
114,89,146.0
207,99,230.0
207,57,219.0
207,92,208.0
207,143,198.0
207,79,175.0
207,402,169.0
207,179,156.0
207,505,154.0
207,180,153.0
207,89,146.0
52,99,230.0
52,57,219.0
52,49,211.0
52,92,208.0
52,143,198.0
52,79,175.0
52,402,169.0
52,121,161.0
52,179,156.0
52,505,154.0
461,99,230.0
461,57,219.0
461,49,211.0
461,92,208.0
461,143,198.0
461,79,175.0
461,402,169.0
461,179,156.0
461,505,154.0
461,180,153.0
17,99,230.0
17,57,219.0
17,49,211.0
17,92,208.0
17,143,198.0
17,79,175.0
17,402,169.0
17,121,161.0
17,179,156.0
17,180,153.0
582,57,219.0
582,49,211.0
582,92,208.0
582,143,198.0
582,79,175.0
582,402,169.0
582,179,156.0
582,505,154.0
582,417,146.0
582,89,146.0
309,99,230.0
309,57,219.0
309,49,211.0
309,92,208.0
309,143,198.0
309,79,175.0
309,402,169.0
309,121,161.0
309,179,156.0
309,505,154.0
442,49,211.0
442,79,175.0
442,121,161.0
442,505,154.0
442,417,146.0
442,157,145.0
442,24,145.0
442,122,142.0
442,72,142.0
442,197,139.0
113,99,230.0
113,49,211.0
113,92,208.0
113,143,198.0
113,79,175.0
113,402,169.0
113,121,161.0
113,179,156.0
113,505,154.0
113,180,153.0
271,99,230.0
271,57,219.0
271,49,211.0
271,92,208.0
271,143,198.0
271,79,175.0
271,402,169.0
271,121,161.0
271,179,156.0
271,505,154.0
220,99,230.0
220,57,219.0
220,49,211.0
220,92,208.0
220,143,198.0
220,79,175.0
220,402,169.0
220,121,161.0
220,179,156.0
220,505,154.0
498,99,230.0
498,57,219.0
498,49,211.0
498,92,208.0
498,79,175.0
498,402,169.0
498,179,156.0
498,505,154.0
498,180,153.0
498,89,146.0
639,99,230.0
639,57,219.0
639,49,211.0
639,92,208.0
639,79,175.0
639,402,169.0
639,121,161.0
639,179,156.0
639,505,154.0
639,180,153.0
273,99,230.0
273,57,219.0
273,92,208.0
273,143,198.0
273,79,175.0
273,402,169.0
273,179,156.0
273,180,153.0
273,417,146.0
273,89,146.0
134,99,230.0
134,57,219.0
134,49,211.0
134,92,208.0
134,143,198.0
134,79,175.0
134,402,169.0
134,121,161.0
134,179,156.0
134,505,154.0
321,99,230.0
321,57,219.0
321,49,211.0
321,92,208.0
321,143,198.0
321,79,175.0
321,402,169.0
321,121,161.0
321,179,156.0
321,505,154.0
143,99,230.0
143,57,219.0
143,143,198.0
143,402,169.0
143,121,161.0
143,179,156.0
143,505,154.0
143,180,153.0
143,417,146.0
143,24,145.0
578,99,230.0
578,57,219.0
578,49,211.0
578,92,208.0
578,143,198.0
578,79,175.0
578,402,169.0
578,121,161.0
578,179,156.0
578,505,154.0
75,99,230.0
75,57,219.0
75,49,211.0
75,92,208.0
75,143,198.0
75,79,175.0
75,402,169.0
75,121,161.0
75,179,156.0
75,505,154.0
538,57,219.0
538,92,208.0
538,143,198.0
538,79,175.0
538,402,169.0
538,121,161.0
538,179,156.0
538,180,153.0
538,417,146.0
538,89,146.0
105,99,230.0
105,57,219.0
105,49,211.0
105,92,208.0
105,143,198.0
105,79,175.0
105,402,169.0
105,121,161.0
105,179,156.0
105,505,154.0
54,99,230.0
54,57,219.0
54,49,211.0
54,92,208.0
54,79,175.0
54,402,169.0
54,121,161.0
54,179,156.0
54,505,154.0
54,180,153.0
161,99,230.0
161,57,219.0
161,49,211.0
161,92,208.0
161,143,198.0
161,79,175.0
161,402,169.0
161,121,161.0
161,179,156.0
161,180,153.0
367,99,230.0
367,57,219.0
367,49,211.0
367,143,198.0
367,79,175.0
367,402,169.0
367,179,156.0
367,505,154.0
367,180,153.0
367,89,146.0
458,99,230.0
458,57,219.0
458,49,211.0
458,92,208.0
458,79,175.0
458,402,169.0
458,121,161.0
458,179,156.0
458,505,154.0
458,180,153.0
103,57,219.0
103,92,208.0
103,79,175.0
103,121,161.0
103,505,154.0
103,180,153.0
103,417,146.0
103,157,145.0
103,24,145.0
103,72,142.0
257,99,230.0
257,57,219.0
257,49,211.0
257,92,208.0
257,79,175.0
257,402,169.0
257,121,161.0
257,179,156.0
257,505,154.0
257,180,153.0
8,57,219.0
8,49,211.0
8,143,198.0
8,121,161.0
8,179,156.0
8,180,153.0
8,89,146.0
8,157,145.0
8,24,145.0
8,72,142.0
507,92,208.0
507,143,198.0
507,402,169.0
507,121,161.0
507,179,156.0
507,505,154.0
507,180,153.0
507,417,146.0
507,89,146.0
507,157,145.0
224,99,230.0
224,49,211.0
224,143,198.0
224,79,175.0
224,402,169.0
224,121,161.0
224,179,156.0
224,505,154.0
224,180,153.0
224,417,146.0
402,99,230.0
402,57,219.0
402,49,211.0
402,92,208.0
402,143,198.0
402,79,175.0
402,402,169.0
402,121,161.0
402,179,156.0
402,505,154.0
633,57,219.0
633,49,211.0
633,92,208.0
633,143,198.0
633,79,175.0
633,402,169.0
633,121,161.0
633,179,156.0
633,505,154.0
633,180,153.0
112,99,230.0
112,57,219.0
112,49,211.0
112,92,208.0
112,143,198.0
112,79,175.0
112,402,169.0
112,121,161.0
112,179,156.0
112,505,154.0
172,99,230.0
172,57,219.0
172,49,211.0
172,92,208.0
172,79,175.0
172,402,169.0
172,121,161.0
172,179,156.0
172,505,154.0
172,180,153.0
414,99,230.0
414,57,219.0
414,49,211.0
414,92,208.0
414,143,198.0
414,79,175.0
414,402,169.0
414,121,161.0
414,179,156.0
414,505,154.0
662,99,230.0
662,49,211.0
662,92,208.0
662,143,198.0
662,79,175.0
662,402,169.0
662,121,161.0
662,179,156.0
662,505,154.0
662,180,153.0
580,99,230.0
580,57,219.0
580,49,211.0
580,92,208.0
580,143,198.0
580,79,175.0
580,402,169.0
580,121,161.0
580,179,156.0
580,505,154.0
649,99,230.0
649,57,219.0
649,49,211.0
649,92,208.0
649,143,198.0
649,79,175.0
649,402,169.0
649,121,161.0
649,179,156.0
649,505,154.0
484,99,230.0
484,57,219.0
484,49,211.0
484,92,208.0
484,143,198.0
484,79,175.0
484,402,169.0
484,121,161.0
484,179,156.0
484,505,154.0
642,57,219.0
642,49,211.0
642,92,208.0
642,79,175.0
642,121,161.0
642,505,154.0
642,180,153.0
642,417,146.0
642,89,146.0
642,72,142.0
667,99,230.0
667,57,219.0
667,49,211.0
667,143,198.0
667,79,175.0
667,402,169.0
667,121,161.0
667,179,156.0
667,505,154.0
667,180,153.0
70,99,230.0
70,57,219.0
70,49,211.0
70,92,208.0
70,143,198.0
70,79,175.0
70,402,169.0
70,179,156.0
70,505,154.0
70,180,153.0
590,99,230.0
590,57,219.0
590,49,211.0
590,92,208.0
590,143,198.0
590,79,175.0
590,402,169.0
590,121,161.0
590,179,156.0
590,505,154.0
660,99,230.0
660,57,219.0
660,49,211.0
660,92,208.0
660,143,198.0
660,79,175.0
660,402,169.0
660,121,161.0
660,179,156.0
660,505,154.0
86,99,230.0
86,57,219.0
86,49,211.0
86,92,208.0
86,79,175.0
86,402,169.0
86,121,161.0
86,179,156.0
86,180,153.0
86,89,146.0
355,99,230.0
355,57,219.0
355,49,211.0
355,92,208.0
355,143,198.0
355,79,175.0
355,402,169.0
355,121,161.0
355,179,156.0
355,505,154.0
208,99,230.0
208,57,219.0
208,49,211.0
208,92,208.0
208,143,198.0
208,79,175.0
208,402,169.0
208,121,161.0
208,179,156.0
208,505,154.0
644,99,230.0
644,57,219.0
644,49,211.0
644,92,208.0
644,143,198.0
644,79,175.0
644,402,169.0
644,121,161.0
644,179,156.0
644,505,154.0
171,57,219.0
171,49,211.0
171,92,208.0
171,143,198.0
171,402,169.0
171,121,161.0
171,179,156.0
171,505,154.0
171,180,153.0
171,89,146.0
490,99,230.0
490,49,211.0
490,92,208.0
490,143,198.0
490,79,175.0
490,402,169.0
490,179,156.0
490,505,154.0
490,180,153.0
490,89,146.0
57,99,230.0
57,57,219.0
57,49,211.0
57,92,208.0
57,143,198.0
57,79,175.0
57,402,169.0
57,121,161.0
57,179,156.0
57,505,154.0
448,49,211.0
448,92,208.0
448,143,198.0
448,79,175.0
448,402,169.0
448,121,161.0
448,179,156.0
448,505,154.0
448,180,153.0
448,417,146.0
157,99,230.0
157,57,219.0
157,49,211.0
157,92,208.0
157,143,198.0
157,79,175.0
157,402,169.0
157,121,161.0
157,179,156.0
157,505,154.0
128,99,230.0
128,57,219.0
128,49,211.0
128,92,208.0
128,143,198.0
128,402,169.0
128,121,161.0
128,179,156.0
128,505,154.0
128,180,153.0
520,57,219.0
520,49,211.0
520,89,146.0
520,417,146.0
520,72,142.0
520,106,140.0
520,197,139.0
520,69,134.0
520,27,134.0
520,23,133.0
43,99,230.0
43,57,219.0
43,49,211.0
43,92,208.0
43,143,198.0
43,79,175.0
43,402,169.0
43,121,161.0
43,179,156.0
43,505,154.0
259,99,230.0
259,49,211.0
259,92,208.0
259,79,175.0
259,121,161.0
259,505,154.0
259,180,153.0
259,417,146.0
259,157,145.0
259,24,145.0
443,99,230.0
443,57,219.0
443,49,211.0
443,92,208.0
443,143,198.0
443,79,175.0
443,402,169.0
443,121,161.0
443,179,156.0
443,505,154.0
0,99,230.0
0,57,219.0
0,49,211.0
0,92,208.0
0,143,198.0
0,79,175.0
0,402,169.0
0,121,161.0
0,179,156.0
0,505,154.0
279,99,230.0
279,57,219.0
279,49,211.0
279,92,208.0
279,143,198.0
279,79,175.0
279,402,169.0
279,121,161.0
279,179,156.0
279,505,154.0
166,99,230.0
166,57,219.0
166,49,211.0
166,92,208.0
166,143,198.0
166,79,175.0
166,402,169.0
166,121,161.0
166,179,156.0
166,505,154.0
373,99,230.0
373,57,219.0
373,49,211.0
373,92,208.0
373,143,198.0
373,79,175.0
373,402,169.0
373,121,161.0
373,179,156.0
373,505,154.0
656,99,230.0
656,57,219.0
656,143,198.0
656,79,175.0
656,402,169.0
656,121,161.0
656,179,156.0
656,180,153.0
656,417,146.0
656,89,146.0
363,57,219.0
363,49,211.0
363,92,208.0
363,143,198.0
363,79,175.0
363,402,169.0
363,121,161.0
363,179,156.0
363,505,154.0
363,180,153.0
483,99,230.0
483,57,219.0
483,49,211.0
483,92,208.0
483,143,198.0
483,79,175.0
483,402,169.0
483,121,161.0
483,179,156.0
483,505,154.0
577,99,230.0
577,57,219.0
577,49,211.0
577,143,198.0
577,79,175.0
577,402,169.0
577,121,161.0
577,179,156.0
577,505,154.0
577,180,153.0
202,57,219.0
202,49,211.0
202,92,208.0
202,143,198.0
202,79,175.0
202,402,169.0
202,121,161.0
202,179,156.0
202,505,154.0
202,180,153.0
348,99,230.0
348,57,219.0
348,49,211.0
348,143,198.0
348,79,175.0
348,402,169.0
348,121,161.0
348,179,156.0
348,505,154.0
348,180,153.0
180,99,230.0
180,57,219.0
180,49,211.0
180,92,208.0
180,143,198.0
180,79,175.0
180,402,169.0
180,121,161.0
180,179,156.0
180,505,154.0
28,99,230.0
28,57,219.0
28,49,211.0
28,92,208.0
28,143,198.0
28,79,175.0
28,121,161.0
28,179,156.0
28,505,154.0
28,180,153.0
412,99,230.0
412,57,219.0
412,49,211.0
412,92,208.0
412,143,198.0
412,79,175.0
412,402,169.0
412,121,161.0
412,179,156.0
412,505,154.0
288,99,230.0
288,57,219.0
288,49,211.0
288,92,208.0
288,143,198.0
288,79,175.0
288,402,169.0
288,121,161.0
288,179,156.0
288,505,154.0
