560,738,0.0
560,1378,0.0
560,899,0.0
560,2274,0.0
560,1101,0.0
560,2290,0.0
560,111,0.0
560,955,0.0
560,1925,0.0
560,1678,0.0
48,297,0.0
48,480,0.0
48,1378,0.0
48,899,0.0
48,2274,0.0
48,1101,0.0
48,2290,0.0
48,111,0.0
48,733,0.0
48,955,0.0
586,297,0.0
586,899,0.0
586,256,0.0
586,2274,0.0
586,1101,0.0
586,2290,0.0
586,111,0.0
586,955,0.0
586,1925,0.0
586,342,0.0
14,738,0.0
14,899,0.0
14,2274,0.0
14,2290,0.0
14,111,0.0
14,342,0.0
14,3136,0.0
14,574,0.0
14,4576,0.0
14,1229,0.0
176,297,0.0
176,738,0.0
176,480,0.0
176,1378,0.0
176,256,0.0
176,2274,0.0
176,1101,0.0
176,2290,0.0
176,111,0.0
176,733,0.0
653,297,0.0
653,738,0.0
653,1378,0.0
653,899,0.0
653,2274,0.0
653,1101,0.0
653,2290,0.0
653,733,0.0
653,955,0.0
653,1925,0.0
252,738,0.0
252,480,0.0
252,1378,0.0
252,899,0.0
252,1101,0.0
252,2290,0.0
252,111,0.0
252,733,0.0
252,955,0.0
252,1925,0.0
557,297,0.0
557,480,0.0
557,1378,0.0
557,256,0.0
557,2274,0.0
557,2290,0.0
557,111,0.0
557,955,0.0
557,1925,0.0
557,342,0.0
471,1378,0.0
471,899,0.0
471,256,0.0
471,2274,0.0
471,1101,0.0
471,1925,0.0
471,1678,0.0
471,48,0.0
471,3136,0.0
471,574,0.0
96,297,0.0
96,738,0.0
96,480,0.0
96,1378,0.0
96,899,0.0
96,256,0.0
96,2274,0.0
96,1101,0.0
96,2290,0.0
96,733,0.0
504,297,0.0
504,738,0.0
504,480,0.0
504,1378,0.0
504,899,0.0
504,2274,0.0
504,1101,0.0
504,2290,0.0
504,111,0.0
504,955,0.0
499,297,0.0
499,738,0.0
499,1378,0.0
499,899,0.0
499,256,0.0
499,2274,0.0
499,1101,0.0
499,2290,0.0
499,733,0.0
499,955,0.0
474,297,0.0
474,738,0.0
474,480,0.0
474,1378,0.0
474,899,0.0
474,256,0.0
474,2274,0.0
474,1101,0.0
474,2290,0.0
474,733,0.0
395,297,0.0
395,738,0.0
395,480,0.0
395,1378,0.0
395,899,0.0
395,256,0.0
395,2274,0.0
395,1101,0.0
395,2290,0.0
395,111,0.0
47,297,0.0
47,738,0.0
47,1378,0.0
47,899,0.0
47,256,0.0
47,2274,0.0
47,1101,0.0
47,2290,0.0
47,733,0.0
47,955,0.0
118,738,0.0
118,480,0.0
118,1378,0.0
118,899,0.0
118,2274,0.0
118,1101,0.0
118,2290,0.0
118,955,0.0
118,1925,0.0
118,342,0.0
58,297,0.0
58,738,0.0
58,1378,0.0
58,899,0.0
58,256,0.0
58,2274,0.0
58,1101,0.0
58,2290,0.0
58,111,0.0
58,733,0.0
503,297,0.0
503,738,0.0
503,480,0.0
503,1378,0.0
503,899,0.0
503,256,0.0
503,2274,0.0
503,1101,0.0
503,2290,0.0
503,111,0.0
607,297,0.0
607,738,0.0
607,480,0.0
607,1378,0.0
607,899,0.0
607,256,0.0
607,2274,0.0
607,1101,0.0
607,2290,0.0
607,955,0.0
10,297,0.0
10,738,0.0
10,480,0.0
10,1378,0.0
10,899,0.0
10,256,0.0
10,2274,0.0
10,1101,0.0
10,2290,0.0
10,111,0.0
563,738,0.0
563,480,0.0
563,1378,0.0
563,899,0.0
563,256,0.0
563,2274,0.0
563,1101,0.0
563,2290,0.0
563,1925,0.0
563,342,0.0
361,297,0.0
361,738,0.0
361,1378,0.0
361,899,0.0
361,256,0.0
361,2274,0.0
361,1101,0.0
361,2290,0.0
361,111,0.0
361,733,0.0
293,297,0.0
293,1378,0.0
293,899,0.0
293,256,0.0
293,2274,0.0
293,1101,0.0
293,2290,0.0
293,955,0.0
293,1925,0.0
293,342,0.0
127,297,0.0
127,738,0.0
127,1378,0.0
127,899,0.0
127,256,0.0
127,2274,0.0
127,1101,0.0
127,2290,0.0
127,733,0.0
127,955,0.0
518,297,0.0
518,738,0.0
518,1378,0.0
518,899,0.0
518,256,0.0
518,2274,0.0
518,1101,0.0
518,2290,0.0
518,111,0.0
518,733,0.0
40,738,0.0
40,480,0.0
40,1378,0.0
40,256,0.0
40,2274,0.0
40,1101,0.0
40,2290,0.0
40,111,0.0
40,733,0.0
40,955,0.0
533,738,0.0
533,480,0.0
533,1378,0.0
533,899,0.0
533,256,0.0
533,2274,0.0
533,1101,0.0
533,2290,0.0
533,733,0.0
533,955,0.0
543,297,0.0
543,738,0.0
543,1378,0.0
543,899,0.0
543,256,0.0
543,2274,0.0
543,1101,0.0
543,2290,0.0
543,111,0.0
543,733,0.0
623,738,0.0
623,899,0.0
623,1101,0.0
623,2290,0.0
623,111,0.0
623,733,0.0
623,955,0.0
623,1925,0.0
623,342,0.0
623,48,0.0
579,1378,0.0
579,899,0.0
579,256,0.0
579,2274,0.0
579,1101,0.0
579,2290,0.0
579,955,0.0
579,1925,0.0
579,342,0.0
579,1678,0.0
482,738,0.0
482,1378,0.0
482,899,0.0
482,256,0.0
482,2274,0.0
482,1101,0.0
482,2290,0.0
482,111,0.0
482,733,0.0
482,955,0.0
262,480,0.0
262,1378,0.0
262,899,0.0
262,256,0.0
262,2274,0.0
262,1101,0.0
262,2290,0.0
262,111,0.0
262,733,0.0
262,955,0.0
480,297,0.0
480,738,0.0
480,1378,0.0
480,899,0.0
480,2274,0.0
480,1101,0.0
480,2290,0.0
480,111,0.0
480,955,0.0
480,1925,0.0
281,738,0.0
281,1378,0.0
281,899,0.0
281,256,0.0
281,2274,0.0
281,1101,0.0
281,2290,0.0
281,111,0.0
281,733,0.0
281,955,0.0
77,738,0.0
77,1378,0.0
77,899,0.0
77,256,0.0
77,2274,0.0
77,1101,0.0
77,2290,0.0
77,733,0.0
77,955,0.0
77,1925,0.0
211,297,0.0
211,480,0.0
211,1378,0.0
211,899,0.0
211,2274,0.0
211,1101,0.0
211,2290,0.0
211,111,0.0
211,733,0.0
211,955,0.0
149,738,0.0
149,1378,0.0
149,899,0.0
149,2274,0.0
149,1101,0.0
149,2290,0.0
149,733,0.0
149,955,0.0
149,1925,0.0
149,1678,0.0
508,738,0.0
508,480,0.0
508,1378,0.0
508,899,0.0
508,2274,0.0
508,1101,0.0
508,2290,0.0
508,955,0.0
508,1925,0.0
508,1678,0.0
151,297,0.0
151,738,0.0
151,1378,0.0
151,899,0.0
151,256,0.0
151,2274,0.0
151,1101,0.0
151,2290,0.0
151,111,0.0
151,733,0.0
184,297,0.0
184,738,0.0
184,480,0.0
184,1378,0.0
184,899,0.0
184,256,0.0
184,2274,0.0
184,1101,0.0
184,2290,0.0
184,111,0.0
22,297,0.0
22,738,0.0
22,899,0.0
22,256,0.0
22,1101,0.0
22,111,0.0
22,955,0.0
22,1925,0.0
22,342,0.0
22,1678,0.0
164,738,0.0
164,480,0.0
164,1378,0.0
164,899,0.0
164,2274,0.0
164,1101,0.0
164,2290,0.0
164,111,0.0
164,733,0.0
164,955,0.0
249,738,0.0
249,480,0.0
249,1378,0.0
249,899,0.0
249,256,0.0
249,2274,0.0
249,1101,0.0
249,2290,0.0
249,111,0.0
249,733,0.0
357,297,0.0
357,480,0.0
357,1378,0.0
357,899,0.0
357,256,0.0
357,2274,0.0
357,1101,0.0
357,2290,0.0
357,955,0.0
357,1925,0.0
422,738,0.0
422,1378,0.0
422,899,0.0
422,256,0.0
422,2274,0.0
422,1101,0.0
422,2290,0.0
422,111,0.0
422,955,0.0
422,1925,0.0
301,297,0.0
301,738,0.0
301,480,0.0
301,1378,0.0
301,899,0.0
301,256,0.0
301,2274,0.0
301,1101,0.0
301,2290,0.0
301,111,0.0
421,738,0.0
421,480,0.0
421,1378,0.0
421,899,0.0
421,256,0.0
421,2274,0.0
421,1101,0.0
421,2290,0.0
421,733,0.0
421,955,0.0
438,480,0.0
438,1378,0.0
438,899,0.0
438,256,0.0
438,2274,0.0
438,1101,0.0
438,2290,0.0
438,111,0.0
438,733,0.0
438,955,0.0
188,297,0.0
188,738,0.0
188,480,0.0
188,1378,0.0
188,899,0.0
188,256,0.0
188,2274,0.0
188,1101,0.0
188,2290,0.0
188,111,0.0
352,738,0.0
352,1378,0.0
352,899,0.0
352,2274,0.0
352,1101,0.0
352,2290,0.0
352,955,0.0
352,1925,0.0
352,342,0.0
352,1678,0.0
104,297,0.0
104,738,0.0
104,1378,0.0
104,899,0.0
104,256,0.0
104,2274,0.0
104,1101,0.0
104,733,0.0
104,955,0.0
104,1925,0.0
404,738,0.0
404,480,0.0
404,1378,0.0
404,899,0.0
404,2274,0.0
404,1101,0.0
404,2290,0.0
404,111,0.0
404,955,0.0
404,1925,0.0
94,297,0.0
94,738,0.0
94,1378,0.0
94,899,0.0
94,256,0.0
94,2274,0.0
94,1101,0.0
94,2290,0.0
94,111,0.0
94,733,0.0
460,1378,0.0
460,899,0.0
460,2274,0.0
460,1101,0.0
460,2290,0.0
460,733,0.0
460,955,0.0
460,1925,0.0
460,1678,0.0
460,48,0.0
645,297,0.0
645,738,0.0
645,480,0.0
645,1378,0.0
645,899,0.0
645,256,0.0
645,2274,0.0
645,1101,0.0
645,2290,0.0
645,111,0.0
235,297,0.0
235,738,0.0
235,480,0.0
235,1378,0.0
235,899,0.0
235,2274,0.0
235,1101,0.0
235,2290,0.0
235,955,0.0
235,1925,0.0
366,297,0.0
366,738,0.0
366,480,0.0
366,1378,0.0
366,899,0.0
366,256,0.0
366,2274,0.0
366,2290,0.0
366,111,0.0
366,733,0.0
212,738,0.0
212,480,0.0
212,1378,0.0
212,899,0.0
212,256,0.0
212,2274,0.0
212,1101,0.0
212,2290,0.0
212,733,0.0
212,955,0.0
167,297,0.0
167,738,0.0
167,480,0.0
167,1378,0.0
167,899,0.0
167,256,0.0
167,1101,0.0
167,2290,0.0
167,111,0.0
167,733,0.0
82,297,0.0
82,738,0.0
82,480,0.0
82,1378,0.0
82,899,0.0
82,256,0.0
82,2274,0.0
82,1101,0.0
82,2290,0.0
82,111,0.0
323,297,0.0
323,738,0.0
323,1378,0.0
323,899,0.0
323,256,0.0
323,2274,0.0
323,1101,0.0
323,2290,0.0
323,111,0.0
323,733,0.0
467,1378,0.0
467,256,0.0
467,2274,0.0
467,1101,0.0
467,2290,0.0
467,733,0.0
467,955,0.0
467,1925,0.0
467,1678,0.0
467,48,0.0
117,738,0.0
117,480,0.0
117,1378,0.0
117,256,0.0
117,2274,0.0
117,1101,0.0
117,2290,0.0
117,111,0.0
117,955,0.0
117,1925,0.0
592,297,0.0
592,738,0.0
592,480,0.0
592,1378,0.0
592,899,0.0
592,256,0.0
592,1101,0.0
592,2290,0.0
592,111,0.0
592,733,0.0
387,1378,0.0
387,899,0.0
387,2290,0.0
387,733,0.0
387,955,0.0
387,1925,0.0
387,1678,0.0
387,48,0.0
387,3136,0.0
387,574,0.0
614,297,0.0
614,738,0.0
614,1378,0.0
614,899,0.0
614,256,0.0
614,2274,0.0
614,1101,0.0
614,2290,0.0
614,111,0.0
614,733,0.0
55,297,0.0
55,738,0.0
55,899,0.0
55,2274,0.0
55,1101,0.0
55,2290,0.0
55,733,0.0
55,955,0.0
55,1925,0.0
55,342,0.0
245,297,0.0
245,738,0.0
245,480,0.0
245,1378,0.0
245,899,0.0
245,256,0.0
245,2274,0.0
245,1101,0.0
245,2290,0.0
245,111,0.0
626,297,0.0
626,1378,0.0
626,899,0.0
626,256,0.0
626,2274,0.0
626,1101,0.0
626,2290,0.0
626,733,0.0
626,955,0.0
626,1925,0.0
606,738,0.0
606,1378,0.0
606,899,0.0
606,2274,0.0
606,1101,0.0
606,2290,0.0
606,111,0.0
606,733,0.0
606,955,0.0
606,1925,0.0
92,297,0.0
92,1378,0.0
92,899,0.0
92,2274,0.0
92,1101,0.0
92,2290,0.0
92,955,0.0
92,1925,0.0
92,342,0.0
92,1678,0.0
415,297,0.0
415,738,0.0
415,480,0.0
415,1378,0.0
415,899,0.0
415,256,0.0
415,2274,0.0
415,1101,0.0
415,2290,0.0
415,111,0.0
646,738,0.0
646,480,0.0
646,1378,0.0
646,899,0.0
646,256,0.0
646,2274,0.0
646,1101,0.0
646,2290,0.0
646,111,0.0
646,733,0.0
462,297,0.0
462,1378,0.0
462,2274,0.0
462,2290,0.0
462,955,0.0
462,1925,0.0
462,1678,0.0
462,48,0.0
462,3136,0.0
462,574,0.0
254,297,0.0
254,738,0.0
254,1378,0.0
254,899,0.0
254,256,0.0
254,2274,0.0
254,1101,0.0
254,2290,0.0
254,111,0.0
254,733,0.0
135,297,0.0
135,738,0.0
135,1378,0.0
135,899,0.0
135,256,0.0
135,2274,0.0
135,1101,0.0
135,2290,0.0
135,111,0.0
135,733,0.0
417,297,0.0
417,738,0.0
417,1378,0.0
417,899,0.0
417,256,0.0
417,2274,0.0
417,1101,0.0
417,2290,0.0
417,733,0.0
417,955,0.0
269,297,0.0
269,738,0.0
269,1378,0.0
269,899,0.0
269,256,0.0
269,2274,0.0
269,1101,0.0
269,2290,0.0
269,111,0.0
269,733,0.0
29,738,0.0
29,1378,0.0
29,2274,0.0
29,2290,0.0
29,955,0.0
29,1925,0.0
29,342,0.0
29,1678,0.0
29,48,0.0
29,3136,0.0
267,297,0.0
267,738,0.0
267,480,0.0
267,1378,0.0
267,899,0.0
267,2274,0.0
267,1101,0.0
267,2290,0.0
267,111,0.0
267,955,0.0
278,297,0.0
278,738,0.0
278,480,0.0
278,1378,0.0
278,899,0.0
278,256,0.0
278,2274,0.0
278,1101,0.0
278,2290,0.0
278,111,0.0
101,297,0.0
101,480,0.0
101,1378,0.0
101,899,0.0
101,256,0.0
101,2274,0.0
101,1101,0.0
101,2290,0.0
101,111,0.0
101,955,0.0
611,297,0.0
611,738,0.0
611,1378,0.0
611,899,0.0
611,256,0.0
611,2274,0.0
611,1101,0.0
611,2290,0.0
611,111,0.0
611,733,0.0
541,297,0.0
541,738,0.0
541,1378,0.0
541,899,0.0
541,256,0.0
541,2274,0.0
541,1101,0.0
541,2290,0.0
541,111,0.0
541,733,0.0
386,297,0.0
386,480,0.0
386,1378,0.0
386,899,0.0
386,256,0.0
386,2274,0.0
386,1101,0.0
386,2290,0.0
386,111,0.0
386,955,0.0
177,297,0.0
177,738,0.0
177,480,0.0
177,1378,0.0
177,899,0.0
177,256,0.0
177,2274,0.0
177,1101,0.0
177,2290,0.0
177,111,0.0
284,738,0.0
284,480,0.0
284,1378,0.0
284,899,0.0
284,2274,0.0
284,1101,0.0
284,2290,0.0
284,111,0.0
284,733,0.0
284,955,0.0
72,297,0.0
72,738,0.0
72,1378,0.0
72,899,0.0
72,2274,0.0
72,1101,0.0
72,2290,0.0
72,733,0.0
72,955,0.0
72,1925,0.0
238,297,0.0
238,738,0.0
238,480,0.0
238,1378,0.0
238,899,0.0
238,256,0.0
238,2274,0.0
238,1101,0.0
238,2290,0.0
238,111,0.0
379,738,0.0
379,480,0.0
379,1378,0.0
379,899,0.0
379,256,0.0
379,2274,0.0
379,2290,0.0
379,111,0.0
379,733,0.0
379,1925,0.0
158,297,0.0
158,738,0.0
158,1378,0.0
158,899,0.0
158,256,0.0
158,2274,0.0
158,1101,0.0
158,2290,0.0
158,955,0.0
158,1925,0.0
196,738,0.0
196,480,0.0
196,1378,0.0
196,256,0.0
196,2274,0.0
196,1101,0.0
196,2290,0.0
196,111,0.0
196,733,0.0
196,955,0.0
338,297,0.0
338,738,0.0
338,480,0.0
338,1378,0.0
338,899,0.0
338,256,0.0
338,2274,0.0
338,1101,0.0
338,2290,0.0
338,111,0.0
287,297,0.0
287,738,0.0
287,480,0.0
287,1378,0.0
287,899,0.0
287,256,0.0
287,2274,0.0
287,1101,0.0
287,2290,0.0
287,111,0.0
457,297,0.0
457,738,0.0
457,1378,0.0
457,899,0.0
457,256,0.0
457,2274,0.0
457,1101,0.0
457,2290,0.0
457,733,0.0
457,955,0.0
360,297,0.0
360,738,0.0
360,480,0.0
360,1378,0.0
360,899,0.0
360,256,0.0
360,2274,0.0
360,1101,0.0
360,2290,0.0
360,111,0.0
85,297,0.0
85,738,0.0
85,480,0.0
85,1378,0.0
85,899,0.0
85,256,0.0
85,2274,0.0
85,1101,0.0
85,2290,0.0
85,111,0.0
174,297,0.0
174,738,0.0
174,1378,0.0
174,899,0.0
174,2274,0.0
174,1101,0.0
174,2290,0.0
174,111,0.0
174,733,0.0
174,955,0.0
517,480,0.0
517,1378,0.0
517,899,0.0
517,256,0.0
517,2274,0.0
517,1101,0.0
517,2290,0.0
517,733,0.0
517,955,0.0
517,1925,0.0
311,738,0.0
311,480,0.0
311,1378,0.0
311,899,0.0
311,256,0.0
311,2274,0.0
311,1101,0.0
311,2290,0.0
311,733,0.0
311,1925,0.0
272,297,0.0
272,738,0.0
272,1378,0.0
272,899,0.0
272,256,0.0
272,2274,0.0
272,1101,0.0
272,2290,0.0
272,111,0.0
272,733,0.0
261,297,0.0
261,738,0.0
261,1378,0.0
261,899,0.0
261,2274,0.0
261,1101,0.0
261,2290,0.0
261,733,0.0
261,955,0.0
261,1925,0.0
312,297,0.0
312,738,0.0
312,1378,0.0
312,899,0.0
312,256,0.0
312,2274,0.0
312,1101,0.0
312,2290,0.0
312,111,0.0
312,733,0.0
615,297,0.0
615,738,0.0
615,480,0.0
615,1378,0.0
615,899,0.0
615,256,0.0
615,2274,0.0
615,1101,0.0
615,2290,0.0
615,111,0.0
520,297,0.0
520,738,0.0
520,1378,0.0
520,899,0.0
520,256,0.0
520,2274,0.0
520,1101,0.0
520,2290,0.0
520,111,0.0
520,955,0.0
546,899,0.0
546,256,0.0
546,2274,0.0
546,2290,0.0
546,111,0.0
546,733,0.0
546,1925,0.0
546,342,0.0
546,1678,0.0
546,48,0.0
244,297,0.0
244,738,0.0
244,1378,0.0
244,899,0.0
244,256,0.0
244,2274,0.0
244,1101,0.0
244,2290,0.0
244,733,0.0
244,955,0.0
485,738,0.0
485,480,0.0
485,1378,0.0
485,899,0.0
485,256,0.0
485,2274,0.0
485,1101,0.0
485,2290,0.0
485,111,0.0
485,733,0.0
315,297,0.0
315,738,0.0
315,1378,0.0
315,899,0.0
315,256,0.0
315,2274,0.0
315,1101,0.0
315,2290,0.0
315,111,0.0
315,733,0.0
168,297,0.0
168,738,0.0
168,1378,0.0
168,899,0.0
168,256,0.0
168,2274,0.0
168,1101,0.0
168,2290,0.0
168,111,0.0
168,733,0.0
451,738,0.0
451,480,0.0
451,1378,0.0
451,899,0.0
451,256,0.0
451,2274,0.0
451,2290,0.0
451,733,0.0
451,1925,0.0
451,1678,0.0
87,297,0.0
87,738,0.0
87,1378,0.0
87,899,0.0
87,2274,0.0
87,1101,0.0
87,2290,0.0
87,111,0.0
87,733,0.0
87,955,0.0
300,297,0.0
300,738,0.0
300,480,0.0
300,1378,0.0
300,899,0.0
300,256,0.0
300,2274,0.0
300,1101,0.0
300,2290,0.0
300,111,0.0
91,297,0.0
91,738,0.0
91,480,0.0
91,1378,0.0
91,899,0.0
91,256,0.0
91,2274,0.0
91,1101,0.0
91,2290,0.0
91,111,0.0
290,297,0.0
290,738,0.0
290,480,0.0
290,1378,0.0
290,899,0.0
290,256,0.0
290,2274,0.0
290,1101,0.0
290,2290,0.0
290,111,0.0
147,297,0.0
147,738,0.0
147,1378,0.0
147,899,0.0
147,256,0.0
147,2274,0.0
147,1101,0.0
147,2290,0.0
147,111,0.0
147,733,0.0
427,297,0.0
427,738,0.0
427,480,0.0
427,1378,0.0
427,899,0.0
427,256,0.0
427,2274,0.0
427,1101,0.0
427,2290,0.0
427,733,0.0
429,738,0.0
429,480,0.0
429,1378,0.0
429,899,0.0
429,256,0.0
429,2274,0.0
429,1101,0.0
429,2290,0.0
429,733,0.0
429,955,0.0
16,738,0.0
16,1378,0.0
16,899,0.0
16,256,0.0
16,2274,0.0
16,1101,0.0
16,2290,0.0
16,955,0.0
16,1925,0.0
16,342,0.0
416,297,0.0
416,899,0.0
416,256,0.0
416,2274,0.0
416,1101,0.0
416,2290,0.0
416,111,0.0
416,733,0.0
416,955,0.0
416,1925,0.0
513,297,0.0
513,738,0.0
513,480,0.0
513,1378,0.0
513,899,0.0
513,256,0.0
513,2274,0.0
513,1101,0.0
513,2290,0.0
513,111,0.0
133,738,0.0
133,1378,0.0
133,899,0.0
133,256,0.0
133,2274,0.0
133,1101,0.0
133,2290,0.0
133,733,0.0
133,955,0.0
133,1925,0.0
277,297,0.0
277,480,0.0
277,1378,0.0
277,899,0.0
277,256,0.0
277,2274,0.0
277,1101,0.0
277,2290,0.0
277,111,0.0
277,955,0.0
214,297,0.0
214,480,0.0
214,1378,0.0
214,899,0.0
214,256,0.0
214,2274,0.0
214,1101,0.0
214,2290,0.0
214,111,0.0
214,955,0.0
229,297,0.0
229,738,0.0
229,480,0.0
229,1378,0.0
229,899,0.0
229,256,0.0
229,2274,0.0
229,1101,0.0
229,2290,0.0
229,111,0.0
657,297,0.0
657,738,0.0
657,480,0.0
657,1378,0.0
657,899,0.0
657,256,0.0
657,2274,0.0
657,1101,0.0
657,2290,0.0
657,733,0.0
198,297,0.0
198,738,0.0
198,1378,0.0
198,899,0.0
198,256,0.0
198,2274,0.0
198,1101,0.0
198,2290,0.0
198,111,0.0
198,733,0.0
370,297,0.0
370,738,0.0
370,1378,0.0
370,899,0.0
370,256,0.0
370,2274,0.0
370,1101,0.0
370,2290,0.0
370,733,0.0
370,955,0.0
95,297,0.0
95,738,0.0
95,480,0.0
95,1378,0.0
95,899,0.0
95,256,0.0
95,2274,0.0
95,1101,0.0
95,2290,0.0
95,111,0.0
487,297,0.0
487,738,0.0
487,1378,0.0
487,899,0.0
487,256,0.0
487,2274,0.0
487,1101,0.0
487,2290,0.0
487,111,0.0
487,733,0.0
549,297,0.0
549,738,0.0
549,480,0.0
549,1378,0.0
549,899,0.0
549,2274,0.0
549,1101,0.0
549,2290,0.0
549,733,0.0
549,955,0.0
464,297,0.0
464,738,0.0
464,480,0.0
464,1378,0.0
464,899,0.0
464,256,0.0
464,2274,0.0
464,1101,0.0
464,2290,0.0
464,111,0.0
194,480,0.0
194,1378,0.0
194,899,0.0
194,2274,0.0
194,1101,0.0
194,2290,0.0
194,111,0.0
194,955,0.0
194,1925,0.0
194,342,0.0
526,738,0.0
526,1378,0.0
526,899,0.0
526,2274,0.0
526,1101,0.0
526,2290,0.0
526,111,0.0
526,733,0.0
526,955,0.0
526,1925,0.0
595,297,0.0
595,738,0.0
595,1378,0.0
595,899,0.0
595,256,0.0
595,2274,0.0
595,1101,0.0
595,2290,0.0
595,733,0.0
595,955,0.0
354,738,0.0
354,1378,0.0
354,899,0.0
354,2274,0.0
354,1101,0.0
354,2290,0.0
354,733,0.0
354,955,0.0
354,1925,0.0
354,1678,0.0
419,297,0.0
419,738,0.0
419,480,0.0
419,1378,0.0
419,899,0.0
419,256,0.0
419,2274,0.0
419,1101,0.0
419,2290,0.0
419,955,0.0
237,297,0.0
237,738,0.0
237,480,0.0
237,1378,0.0
237,899,0.0
237,256,0.0
237,2274,0.0
237,1101,0.0
237,2290,0.0
237,111,0.0
242,1378,0.0
242,899,0.0
242,2274,0.0
242,1101,0.0
242,2290,0.0
242,733,0.0
242,955,0.0
242,1925,0.0
242,1678,0.0
242,48,0.0
583,297,0.0
583,738,0.0
583,480,0.0
583,1378,0.0
583,899,0.0
583,256,0.0
583,2274,0.0
583,1101,0.0
583,2290,0.0
583,733,0.0
465,738,0.0
465,480,0.0
465,1378,0.0
465,899,0.0
465,2274,0.0
465,1101,0.0
465,2290,0.0
465,111,0.0
465,733,0.0
465,955,0.0
440,297,0.0
440,738,0.0
440,1378,0.0
440,899,0.0
440,256,0.0
440,2274,0.0
440,1101,0.0
440,2290,0.0
440,111,0.0
440,733,0.0
524,738,0.0
524,1378,0.0
524,899,0.0
524,256,0.0
524,2274,0.0
524,1101,0.0
524,2290,0.0
524,733,0.0
524,955,0.0
524,1925,0.0
318,297,0.0
318,738,0.0
318,480,0.0
318,1378,0.0
318,899,0.0
318,256,0.0
318,2274,0.0
318,1101,0.0
318,2290,0.0
318,111,0.0
264,297,0.0
264,480,0.0
264,1378,0.0
264,899,0.0
264,256,0.0
264,2274,0.0
264,1101,0.0
264,2290,0.0
264,111,0.0
264,733,0.0
93,297,0.0
93,738,0.0
93,1378,0.0
93,899,0.0
93,256,0.0
93,2274,0.0
93,1101,0.0
93,2290,0.0
93,733,0.0
93,955,0.0
616,297,0.0
616,738,0.0
616,480,0.0
616,1378,0.0
616,899,0.0
616,256,0.0
616,2274,0.0
616,1101,0.0
616,2290,0.0
616,111,0.0
581,297,0.0
581,738,0.0
581,1378,0.0
581,899,0.0
581,256,0.0
581,2274,0.0
581,1101,0.0
581,2290,0.0
581,111,0.0
581,733,0.0
305,738,0.0
305,480,0.0
305,1378,0.0
305,899,0.0
305,2274,0.0
305,1101,0.0
305,2290,0.0
305,955,0.0
305,1925,0.0
305,1678,0.0
479,297,0.0
479,738,0.0
479,1378,0.0
479,899,0.0
479,256,0.0
479,2274,0.0
479,1101,0.0
479,2290,0.0
479,733,0.0
479,955,0.0
129,738,0.0
129,480,0.0
129,1378,0.0
129,899,0.0
129,2274,0.0
129,1101,0.0
129,2290,0.0
129,955,0.0
129,1925,0.0
129,342,0.0
670,297,0.0
670,738,0.0
670,1378,0.0
670,899,0.0
670,256,0.0
670,2274,0.0
670,1101,0.0
670,2290,0.0
670,111,0.0
670,733,0.0
528,297,0.0
528,480,0.0
528,899,0.0
528,256,0.0
528,2274,0.0
528,1101,0.0
528,2290,0.0
528,111,0.0
528,733,0.0
528,955,0.0
530,297,0.0
530,738,0.0
530,1378,0.0
530,899,0.0
530,256,0.0
530,2274,0.0
530,1101,0.0
530,2290,0.0
530,733,0.0
530,955,0.0
390,297,0.0
390,738,0.0
390,480,0.0
390,1378,0.0
390,899,0.0
390,256,0.0
390,2274,0.0
390,1101,0.0
390,733,0.0
390,955,0.0
200,297,0.0
200,738,0.0
200,1378,0.0
200,899,0.0
200,2274,0.0
200,1101,0.0
200,2290,0.0
200,111,0.0
200,733,0.0
200,955,0.0
434,297,0.0
434,738,0.0
434,480,0.0
434,1378,0.0
434,899,0.0
434,256,0.0
434,2274,0.0
434,1101,0.0
434,2290,0.0
434,111,0.0
408,297,0.0
408,738,0.0
408,480,0.0
408,1378,0.0
408,899,0.0
408,256,0.0
408,2274,0.0
408,1101,0.0
408,2290,0.0
408,111,0.0
574,297,0.0
574,1378,0.0
574,899,0.0
574,2274,0.0
574,1101,0.0
574,2290,0.0
574,955,0.0
574,1925,0.0
574,342,0.0
574,1678,0.0
156,297,0.0
156,738,0.0
156,1378,0.0
156,899,0.0
156,2274,0.0
156,1101,0.0
156,2290,0.0
156,733,0.0
156,955,0.0
156,1925,0.0
253,297,0.0
253,738,0.0
253,480,0.0
253,1378,0.0
253,899,0.0
253,256,0.0
253,2274,0.0
253,1101,0.0
253,2290,0.0
253,111,0.0
411,297,0.0
411,738,0.0
411,480,0.0
411,1378,0.0
411,899,0.0
411,256,0.0
411,2274,0.0
411,1101,0.0
411,2290,0.0
411,733,0.0
175,297,0.0
175,738,0.0
175,1378,0.0
175,899,0.0
175,256,0.0
175,2274,0.0
175,1101,0.0
175,2290,0.0
175,733,0.0
175,955,0.0
160,297,0.0
160,738,0.0
160,480,0.0
160,1378,0.0
160,899,0.0
160,256,0.0
160,2274,0.0
160,1101,0.0
160,2290,0.0
160,111,0.0
439,297,0.0
439,738,0.0
439,480,0.0
439,1378,0.0
439,899,0.0
439,256,0.0
439,2274,0.0
439,1101,0.0
439,2290,0.0
439,111,0.0
302,480,0.0
302,1378,0.0
302,899,0.0
302,2274,0.0
302,1101,0.0
302,2290,0.0
302,733,0.0
302,955,0.0
302,1925,0.0
302,1678,0.0
124,297,0.0
124,738,0.0
124,1378,0.0
124,899,0.0
124,256,0.0
124,2274,0.0
124,1101,0.0
124,2290,0.0
124,955,0.0
124,1925,0.0
183,297,0.0
183,738,0.0
183,480,0.0
183,1378,0.0
183,899,0.0
183,256,0.0
183,2274,0.0
183,1101,0.0
183,2290,0.0
183,111,0.0
617,297,0.0
617,738,0.0
617,480,0.0
617,1378,0.0
617,899,0.0
617,256,0.0
617,2274,0.0
617,1101,0.0
617,2290,0.0
617,111,0.0
552,297,0.0
552,738,0.0
552,1378,0.0
552,899,0.0
552,256,0.0
552,2274,0.0
552,1101,0.0
552,2290,0.0
552,111,0.0
552,733,0.0
233,297,0.0
233,738,0.0
233,1378,0.0
233,899,0.0
233,256,0.0
233,2274,0.0
233,1101,0.0
233,2290,0.0
233,111,0.0
233,733,0.0
234,297,0.0
234,738,0.0
234,480,0.0
234,1378,0.0
234,899,0.0
234,256,0.0
234,2274,0.0
234,1101,0.0
234,2290,0.0
234,733,0.0
76,738,0.0
76,1378,0.0
76,899,0.0
76,2274,0.0
76,1101,0.0
76,2290,0.0
76,733,0.0
76,955,0.0
76,1925,0.0
76,1678,0.0
112,297,0.0
112,738,0.0
112,480,0.0
112,1378,0.0
112,899,0.0
112,256,0.0
112,1101,0.0
112,2290,0.0
112,111,0.0
112,733,0.0
432,297,0.0
432,738,0.0
432,1378,0.0
432,899,0.0
432,256,0.0
432,2274,0.0
432,1101,0.0
432,2290,0.0
432,111,0.0
432,733,0.0
365,297,0.0
365,738,0.0
365,480,0.0
365,1378,0.0
365,899,0.0
365,256,0.0
365,2274,0.0
365,1101,0.0
365,2290,0.0
365,111,0.0
109,297,0.0
109,738,0.0
109,480,0.0
109,1378,0.0
109,899,0.0
109,256,0.0
109,2274,0.0
109,1101,0.0
109,2290,0.0
109,111,0.0
4,297,0.0
4,738,0.0
4,480,0.0
4,1378,0.0
4,899,0.0
4,256,0.0
4,2274,0.0
4,1101,0.0
4,2290,0.0
4,733,0.0
310,480,0.0
310,1378,0.0
310,899,0.0
310,2290,0.0
310,733,0.0
310,1925,0.0
310,342,0.0
310,1678,0.0
310,48,0.0
310,3136,0.0
627,297,0.0
627,738,0.0
627,480,0.0
627,1378,0.0
627,899,0.0
627,256,0.0
627,2274,0.0
627,1101,0.0
627,2290,0.0
627,111,0.0
296,297,0.0
296,738,0.0
296,480,0.0
296,1378,0.0
296,899,0.0
296,256,0.0
296,2274,0.0
296,1101,0.0
296,2290,0.0
296,111,0.0
545,297,0.0
545,738,0.0
545,480,0.0
545,1378,0.0
545,899,0.0
545,256,0.0
545,2274,0.0
545,1101,0.0
545,2290,0.0
545,111,0.0
170,297,0.0
170,738,0.0
170,480,0.0
170,1378,0.0
170,899,0.0
170,256,0.0
170,2274,0.0
170,1101,0.0
170,2290,0.0
170,111,0.0
598,297,0.0
598,738,0.0
598,1378,0.0
598,899,0.0
598,2274,0.0
598,1101,0.0
598,2290,0.0
598,111,0.0
598,733,0.0
598,955,0.0
527,297,0.0
527,738,0.0
527,480,0.0
527,1378,0.0
527,899,0.0
527,2274,0.0
527,1101,0.0
527,2290,0.0
527,111,0.0
527,955,0.0
215,297,0.0
215,738,0.0
215,1378,0.0
215,899,0.0
215,256,0.0
215,2274,0.0
215,1101,0.0
215,2290,0.0
215,111,0.0
215,733,0.0
239,297,0.0
239,738,0.0
239,480,0.0
239,1378,0.0
239,899,0.0
239,256,0.0
239,2274,0.0
239,1101,0.0
239,2290,0.0
239,955,0.0
596,297,0.0
596,738,0.0
596,480,0.0
596,1378,0.0
596,899,0.0
596,256,0.0
596,2274,0.0
596,1101,0.0
596,2290,0.0
596,955,0.0
381,297,0.0
381,738,0.0
381,1378,0.0
381,899,0.0
381,256,0.0
381,2274,0.0
381,1101,0.0
381,2290,0.0
381,733,0.0
381,955,0.0
501,297,0.0
501,738,0.0
501,480,0.0
501,1378,0.0
501,899,0.0
501,256,0.0
501,2274,0.0
501,1101,0.0
501,2290,0.0
501,111,0.0
353,297,0.0
353,738,0.0
353,480,0.0
353,1378,0.0
353,899,0.0
353,256,0.0
353,2274,0.0
353,1101,0.0
353,2290,0.0
353,111,0.0
664,297,0.0
664,480,0.0
664,1378,0.0
664,899,0.0
664,256,0.0
664,2274,0.0
664,1101,0.0
664,2290,0.0
664,733,0.0
664,955,0.0
7,297,0.0
7,738,0.0
7,1378,0.0
7,899,0.0
7,256,0.0
7,2274,0.0
7,1101,0.0
7,2290,0.0
7,111,0.0
7,733,0.0
604,297,0.0
604,480,0.0
604,1378,0.0
604,899,0.0
604,2274,0.0
604,1101,0.0
604,2290,0.0
604,111,0.0
604,733,0.0
604,1925,0.0
576,297,0.0
576,738,0.0
576,1378,0.0
576,899,0.0
576,256,0.0
576,2274,0.0
576,1101,0.0
576,2290,0.0
576,733,0.0
576,955,0.0
219,297,0.0
219,738,0.0
219,480,0.0
219,1378,0.0
219,899,0.0
219,256,0.0
219,2274,0.0
219,2290,0.0
219,955,0.0
219,1925,0.0
19,297,0.0
19,738,0.0
19,1378,0.0
19,899,0.0
19,256,0.0
19,2274,0.0
19,1101,0.0
19,2290,0.0
19,111,0.0
19,733,0.0
486,297,0.0
486,738,0.0
486,480,0.0
486,1378,0.0
486,899,0.0
486,256,0.0
486,2274,0.0
486,1101,0.0
486,2290,0.0
486,111,0.0
521,297,0.0
521,738,0.0
521,1378,0.0
521,899,0.0
521,256,0.0
521,2274,0.0
521,1101,0.0
521,2290,0.0
521,733,0.0
521,955,0.0
20,297,0.0
20,480,0.0
20,1378,0.0
20,899,0.0
20,256,0.0
20,2274,0.0
20,1101,0.0
20,2290,0.0
20,111,0.0
20,733,0.0
426,297,0.0
426,738,0.0
426,480,0.0
426,1378,0.0
426,899,0.0
426,256,0.0
426,2274,0.0
426,1101,0.0
426,2290,0.0
426,111,0.0
81,297,0.0
81,738,0.0
81,480,0.0
81,1378,0.0
81,899,0.0
81,256,0.0
81,2274,0.0
81,1101,0.0
81,2290,0.0
81,111,0.0
263,297,0.0
263,480,0.0
263,1378,0.0
263,899,0.0
263,256,0.0
263,2274,0.0
263,1101,0.0
263,2290,0.0
263,733,0.0
263,955,0.0
37,297,0.0
37,738,0.0
37,1378,0.0
37,899,0.0
37,256,0.0
37,2274,0.0
37,1101,0.0
37,2290,0.0
37,111,0.0
37,733,0.0
18,297,0.0
18,480,0.0
18,1378,0.0
18,899,0.0
18,256,0.0
18,2274,0.0
18,1101,0.0
18,2290,0.0
18,111,0.0
18,955,0.0
620,297,0.0
620,1378,0.0
620,899,0.0
620,256,0.0
620,2274,0.0
620,1101,0.0
620,2290,0.0
620,111,0.0
620,733,0.0
620,955,0.0
309,297,0.0
309,738,0.0
309,480,0.0
309,1378,0.0
309,899,0.0
309,256,0.0
309,2274,0.0
309,1101,0.0
309,2290,0.0
309,111,0.0
297,297,0.0
297,738,0.0
297,1378,0.0
297,899,0.0
297,256,0.0
297,2274,0.0
297,1101,0.0
297,2290,0.0
297,111,0.0
297,733,0.0
298,297,0.0
298,738,0.0
298,480,0.0
298,1378,0.0
298,899,0.0
298,256,0.0
298,2274,0.0
298,1101,0.0
298,2290,0.0
298,111,0.0
274,297,0.0
274,738,0.0
274,480,0.0
274,1378,0.0
274,899,0.0
274,256,0.0
274,2274,0.0
274,1101,0.0
274,2290,0.0
274,733,0.0
573,297,0.0
573,738,0.0
573,1378,0.0
573,899,0.0
573,256,0.0
573,2274,0.0
573,1101,0.0
573,2290,0.0
573,733,0.0
573,955,0.0
469,297,0.0
469,738,0.0
469,480,0.0
469,1378,0.0
469,899,0.0
469,256,0.0
469,2274,0.0
469,1101,0.0
469,2290,0.0
469,111,0.0
456,480,0.0
456,1378,0.0
456,899,0.0
456,1101,0.0
456,2290,0.0
456,111,0.0
456,955,0.0
456,1925,0.0
456,1678,0.0
456,3136,0.0
591,738,0.0
591,480,0.0
591,1378,0.0
591,899,0.0
591,2274,0.0
591,1101,0.0
591,2290,0.0
591,111,0.0
591,733,0.0
591,955,0.0
668,297,0.0
668,738,0.0
668,480,0.0
668,1378,0.0
668,899,0.0
668,256,0.0
668,2274,0.0
668,1101,0.0
668,2290,0.0
668,111,0.0
613,297,0.0
613,738,0.0
613,480,0.0
613,1378,0.0
613,899,0.0
613,256,0.0
613,2274,0.0
613,1101,0.0
613,2290,0.0
613,111,0.0
435,297,0.0
435,738,0.0
435,480,0.0
435,1378,0.0
435,899,0.0
435,256,0.0
435,2274,0.0
435,1101,0.0
435,2290,0.0
435,111,0.0
407,297,0.0
407,738,0.0
407,480,0.0
407,1378,0.0
407,899,0.0
407,2274,0.0
407,1101,0.0
407,2290,0.0
407,111,0.0
407,733,0.0
163,297,0.0
163,738,0.0
163,1378,0.0
163,899,0.0
163,256,0.0
163,2274,0.0
163,1101,0.0
163,2290,0.0
163,111,0.0
163,955,0.0
145,297,0.0
145,738,0.0
145,480,0.0
145,1378,0.0
145,899,0.0
145,256,0.0
145,2274,0.0
145,1101,0.0
145,2290,0.0
145,733,0.0
377,297,0.0
377,738,0.0
377,480,0.0
377,1378,0.0
377,899,0.0
377,256,0.0
377,2274,0.0
377,1101,0.0
377,2290,0.0
377,111,0.0
131,297,0.0
131,738,0.0
131,480,0.0
131,1378,0.0
131,899,0.0
131,256,0.0
131,2274,0.0
131,1101,0.0
131,2290,0.0
131,111,0.0
658,297,0.0
658,738,0.0
658,480,0.0
658,1378,0.0
658,899,0.0
658,256,0.0
658,2274,0.0
658,1101,0.0
658,2290,0.0
658,111,0.0
294,297,0.0
294,738,0.0
294,1378,0.0
294,899,0.0
294,2274,0.0
294,1101,0.0
294,2290,0.0
294,733,0.0
294,955,0.0
294,1925,0.0
452,738,0.0
452,480,0.0
452,1378,0.0
452,899,0.0
452,256,0.0
452,2274,0.0
452,1101,0.0
452,2290,0.0
452,111,0.0
452,733,0.0
425,297,0.0
425,738,0.0
425,1378,0.0
425,899,0.0
425,256,0.0
425,2274,0.0
425,1101,0.0
425,2290,0.0
425,111,0.0
425,733,0.0
155,297,0.0
155,738,0.0
155,480,0.0
155,1378,0.0
155,899,0.0
155,256,0.0
155,2274,0.0
155,1101,0.0
155,2290,0.0
155,111,0.0
171,297,0.0
171,738,0.0
171,480,0.0
171,1378,0.0
171,899,0.0
171,256,0.0
171,2274,0.0
171,1101,0.0
171,2290,0.0
171,111,0.0
341,297,0.0
341,480,0.0
341,1378,0.0
341,899,0.0
341,256,0.0
341,2274,0.0
341,1101,0.0
341,2290,0.0
341,111,0.0
341,733,0.0
289,297,0.0
289,738,0.0
289,480,0.0
289,1378,0.0
289,899,0.0
289,256,0.0
289,2274,0.0
289,1101,0.0
289,2290,0.0
289,111,0.0
406,738,0.0
406,1378,0.0
406,899,0.0
406,256,0.0
406,2274,0.0
406,1101,0.0
406,2290,0.0
406,111,0.0
406,733,0.0
406,955,0.0
477,297,0.0
477,738,0.0
477,480,0.0
477,1378,0.0
477,899,0.0
477,256,0.0
477,2274,0.0
477,1101,0.0
477,2290,0.0
477,111,0.0
25,297,0.0
25,738,0.0
25,480,0.0
25,1378,0.0
25,899,0.0
25,256,0.0
25,2274,0.0
25,1101,0.0
25,2290,0.0
25,111,0.0
248,297,0.0
248,738,0.0
248,480,0.0
248,1378,0.0
248,899,0.0
248,256,0.0
248,2274,0.0
248,1101,0.0
248,2290,0.0
248,111,0.0
115,297,0.0
115,738,0.0
115,1378,0.0
115,899,0.0
115,256,0.0
115,2274,0.0
115,1101,0.0
115,2290,0.0
115,111,0.0
115,733,0.0
413,297,0.0
413,738,0.0
413,480,0.0
413,1378,0.0
413,899,0.0
413,256,0.0
413,2274,0.0
413,1101,0.0
413,2290,0.0
413,111,0.0
556,297,0.0
556,738,0.0
556,480,0.0
556,1378,0.0
556,899,0.0
556,256,0.0
556,2274,0.0
556,1101,0.0
556,2290,0.0
556,111,0.0
389,297,0.0
389,738,0.0
389,480,0.0
389,1378,0.0
389,899,0.0
389,256,0.0
389,2274,0.0
389,1101,0.0
389,2290,0.0
389,111,0.0
268,297,0.0
268,738,0.0
268,480,0.0
268,1378,0.0
268,899,0.0
268,256,0.0
268,2274,0.0
268,1101,0.0
268,2290,0.0
268,733,0.0
647,297,0.0
647,738,0.0
647,1378,0.0
647,899,0.0
647,256,0.0
647,2274,0.0
647,1101,0.0
647,2290,0.0
647,111,0.0
647,733,0.0
437,297,0.0
437,738,0.0
437,480,0.0
437,1378,0.0
437,899,0.0
437,256,0.0
437,2274,0.0
437,1101,0.0
437,2290,0.0
437,111,0.0
213,738,0.0
213,480,0.0
213,1378,0.0
213,899,0.0
213,256,0.0
213,2274,0.0
213,1101,0.0
213,2290,0.0
213,111,0.0
213,733,0.0
199,297,0.0
199,738,0.0
199,480,0.0
199,1378,0.0
199,899,0.0
199,256,0.0
199,2274,0.0
199,1101,0.0
199,2290,0.0
199,733,0.0
409,297,0.0
409,738,0.0
409,1378,0.0
409,899,0.0
409,256,0.0
409,2274,0.0
409,1101,0.0
409,2290,0.0
409,111,0.0
409,733,0.0
589,297,0.0
589,738,0.0
589,480,0.0
589,1378,0.0
589,899,0.0
589,256,0.0
589,2274,0.0
589,1101,0.0
589,2290,0.0
589,111,0.0
241,297,0.0
241,480,0.0
241,1378,0.0
241,899,0.0
241,2274,0.0
241,1101,0.0
241,2290,0.0
241,733,0.0
241,955,0.0
241,1925,0.0
148,297,0.0
148,738,0.0
148,480,0.0
148,1378,0.0
148,899,0.0
148,256,0.0
148,2274,0.0
148,1101,0.0
148,2290,0.0
148,111,0.0
9,297,0.0
9,738,0.0
9,480,0.0
9,1378,0.0
9,899,0.0
9,256,0.0
9,2274,0.0
9,1101,0.0
9,2290,0.0
9,111,0.0
33,738,0.0
33,480,0.0
33,1378,0.0
33,256,0.0
33,2274,0.0
33,1101,0.0
33,2290,0.0
33,111,0.0
33,733,0.0
33,955,0.0
340,297,0.0
340,738,0.0
340,480,0.0
340,1378,0.0
340,899,0.0
340,256,0.0
340,2274,0.0
340,1101,0.0
340,2290,0.0
340,111,0.0
223,297,0.0
223,738,0.0
223,480,0.0
223,1378,0.0
223,899,0.0
223,256,0.0
223,2274,0.0
223,1101,0.0
223,2290,0.0
223,111,0.0
270,297,0.0
270,738,0.0
270,1378,0.0
270,899,0.0
270,256,0.0
270,2274,0.0
270,1101,0.0
270,2290,0.0
270,733,0.0
270,955,0.0
191,297,0.0
191,738,0.0
191,480,0.0
191,1378,0.0
191,899,0.0
191,256,0.0
191,2274,0.0
191,1101,0.0
191,2290,0.0
191,111,0.0
345,738,0.0
345,1378,0.0
345,899,0.0
345,2274,0.0
345,1101,0.0
345,2290,0.0
345,733,0.0
345,955,0.0
345,1925,0.0
345,342,0.0
505,297,0.0
505,738,0.0
505,480,0.0
505,1378,0.0
505,899,0.0
505,256,0.0
505,2274,0.0
505,1101,0.0
505,2290,0.0
505,111,0.0
441,297,0.0
441,738,0.0
441,899,0.0
441,2274,0.0
441,1101,0.0
441,2290,0.0
441,733,0.0
441,955,0.0
441,1925,0.0
441,1678,0.0
217,297,0.0
217,738,0.0
217,480,0.0
217,1378,0.0
217,899,0.0
217,256,0.0
217,2274,0.0
217,1101,0.0
217,2290,0.0
217,111,0.0
550,297,0.0
550,738,0.0
550,480,0.0
550,1378,0.0
550,899,0.0
550,256,0.0
550,2274,0.0
550,1101,0.0
550,2290,0.0
550,111,0.0
525,297,0.0
525,738,0.0
525,480,0.0
525,1378,0.0
525,899,0.0
525,256,0.0
525,2274,0.0
525,1101,0.0
525,2290,0.0
525,111,0.0
384,297,0.0
384,738,0.0
384,480,0.0
384,1378,0.0
384,899,0.0
384,256,0.0
384,2274,0.0
384,1101,0.0
384,2290,0.0
384,111,0.0
609,297,0.0
609,738,0.0
609,480,0.0
609,1378,0.0
609,899,0.0
609,256,0.0
609,2274,0.0
609,1101,0.0
609,2290,0.0
609,111,0.0
420,297,0.0
420,738,0.0
420,480,0.0
420,1378,0.0
420,899,0.0
420,256,0.0
420,2274,0.0
420,1101,0.0
420,2290,0.0
420,111,0.0
286,297,0.0
286,738,0.0
286,1378,0.0
286,899,0.0
286,256,0.0
286,2274,0.0
286,1101,0.0
286,2290,0.0
286,111,0.0
286,733,0.0
26,297,0.0
26,738,0.0
26,480,0.0
26,1378,0.0
26,899,0.0
26,256,0.0
26,2274,0.0
26,1101,0.0
26,2290,0.0
26,733,0.0
3,738,0.0
3,480,0.0
3,1378,0.0
3,899,0.0
3,2274,0.0
3,1101,0.0
3,2290,0.0
3,111,0.0
3,733,0.0
3,955,0.0
83,738,0.0
83,1378,0.0
83,899,0.0
83,256,0.0
83,2274,0.0
83,1101,0.0
83,2290,0.0
83,111,0.0
83,733,0.0
83,955,0.0
459,297,0.0
459,738,0.0
459,1378,0.0
459,899,0.0
459,256,0.0
459,2274,0.0
459,1101,0.0
459,2290,0.0
459,111,0.0
459,733,0.0
84,297,0.0
84,738,0.0
84,480,0.0
84,1378,0.0
84,899,0.0
84,256,0.0
84,2274,0.0
84,1101,0.0
84,2290,0.0
84,111,0.0
428,297,0.0
428,738,0.0
428,1378,0.0
428,899,0.0
428,256,0.0
428,2274,0.0
428,1101,0.0
428,2290,0.0
428,111,0.0
428,733,0.0
154,738,0.0
154,480,0.0
154,1378,0.0
154,899,0.0
154,256,0.0
154,2274,0.0
154,1101,0.0
154,2290,0.0
154,111,0.0
154,955,0.0
663,738,0.0
663,1378,0.0
663,899,0.0
663,256,0.0
663,2274,0.0
663,1101,0.0
663,2290,0.0
663,111,0.0
663,733,0.0
663,955,0.0
449,297,0.0
449,738,0.0
449,1378,0.0
449,899,0.0
449,256,0.0
449,2274,0.0
449,1101,0.0
449,2290,0.0
449,111,0.0
449,733,0.0
559,297,0.0
559,738,0.0
559,480,0.0
559,1378,0.0
559,899,0.0
559,256,0.0
559,2274,0.0
559,1101,0.0
559,2290,0.0
559,111,0.0
401,738,0.0
401,1378,0.0
401,899,0.0
401,256,0.0
401,2274,0.0
401,1101,0.0
401,2290,0.0
401,955,0.0
401,1925,0.0
401,1678,0.0
2,297,0.0
2,738,0.0
2,480,0.0
2,1378,0.0
2,899,0.0
2,256,0.0
2,2274,0.0
2,1101,0.0
2,2290,0.0
2,733,0.0
393,738,0.0
393,1378,0.0
393,899,0.0
393,256,0.0
393,2274,0.0
393,1101,0.0
393,2290,0.0
393,733,0.0
393,955,0.0
393,1925,0.0
204,738,0.0
204,1378,0.0
204,899,0.0
204,256,0.0
204,2274,0.0
204,1101,0.0
204,2290,0.0
204,111,0.0
204,733,0.0
204,955,0.0
535,297,0.0
535,738,0.0
535,480,0.0
535,1378,0.0
535,899,0.0
535,256,0.0
535,2274,0.0
535,1101,0.0
535,2290,0.0
535,111,0.0
291,297,0.0
291,738,0.0
291,1378,0.0
291,899,0.0
291,2274,0.0
291,1101,0.0
291,2290,0.0
291,733,0.0
291,955,0.0
291,1925,0.0
495,297,0.0
495,738,0.0
495,480,0.0
495,1378,0.0
495,899,0.0
495,256,0.0
495,2274,0.0
495,1101,0.0
495,2290,0.0
495,111,0.0
90,297,0.0
90,738,0.0
90,1378,0.0
90,899,0.0
90,256,0.0
90,2274,0.0
90,1101,0.0
90,2290,0.0
90,111,0.0
90,733,0.0
136,297,0.0
136,738,0.0
136,480,0.0
136,1378,0.0
136,899,0.0
136,256,0.0
136,2274,0.0
136,1101,0.0
136,2290,0.0
136,111,0.0
275,297,0.0
275,738,0.0
275,480,0.0
275,1378,0.0
275,899,0.0
275,256,0.0
275,2274,0.0
275,1101,0.0
275,2290,0.0
275,111,0.0
186,297,0.0
186,738,0.0
186,1378,0.0
186,899,0.0
186,256,0.0
186,2274,0.0
186,1101,0.0
186,2290,0.0
186,111,0.0
186,733,0.0
536,297,0.0
536,480,0.0
536,1378,0.0
536,899,0.0
536,256,0.0
536,2274,0.0
536,1101,0.0
536,2290,0.0
536,111,0.0
536,955,0.0
412,297,0.0
412,738,0.0
412,480,0.0
412,1378,0.0
412,899,0.0
412,256,0.0
412,2274,0.0
412,1101,0.0
412,2290,0.0
412,111,0.0
509,297,0.0
509,738,0.0
509,480,0.0
509,1378,0.0
509,899,0.0
509,256,0.0
509,2274,0.0
509,1101,0.0
509,2290,0.0
509,733,0.0
71,297,0.0
71,738,0.0
71,1378,0.0
71,899,0.0
71,256,0.0
71,2274,0.0
71,1101,0.0
71,2290,0.0
71,111,0.0
71,733,0.0
519,297,0.0
519,738,0.0
519,1378,0.0
519,899,0.0
519,2274,0.0
519,1101,0.0
519,2290,0.0
519,111,0.0
519,733,0.0
519,955,0.0
575,297,0.0
575,738,0.0
575,480,0.0
575,1378,0.0
575,899,0.0
575,256,0.0
575,2274,0.0
575,1101,0.0
575,2290,0.0
575,111,0.0
231,480,0.0
231,1378,0.0
231,899,0.0
231,2274,0.0
231,1101,0.0
231,2290,0.0
231,955,0.0
231,1925,0.0
231,342,0.0
231,1678,0.0
319,297,0.0
319,738,0.0
319,480,0.0
319,1378,0.0
319,899,0.0
319,256,0.0
319,2274,0.0
319,1101,0.0
319,2290,0.0
319,111,0.0
372,297,0.0
372,738,0.0
372,480,0.0
372,1378,0.0
372,899,0.0
372,256,0.0
372,2274,0.0
372,1101,0.0
372,111,0.0
372,733,0.0
631,297,0.0
631,738,0.0
631,480,0.0
631,1378,0.0
631,899,0.0
631,256,0.0
631,2274,0.0
631,1101,0.0
631,2290,0.0
631,733,0.0
144,297,0.0
144,738,0.0
144,480,0.0
144,1378,0.0
144,899,0.0
144,256,0.0
144,2274,0.0
144,1101,0.0
144,2290,0.0
144,111,0.0
232,297,0.0
232,738,0.0
232,480,0.0
232,1378,0.0
232,899,0.0
232,256,0.0
232,2274,0.0
232,1101,0.0
232,2290,0.0
232,111,0.0
258,297,0.0
258,738,0.0
258,480,0.0
258,1378,0.0
258,899,0.0
258,256,0.0
258,2274,0.0
258,1101,0.0
258,2290,0.0
258,111,0.0
41,738,0.0
41,480,0.0
41,1378,0.0
41,899,0.0
41,256,0.0
41,2274,0.0
41,1101,0.0
41,2290,0.0
41,733,0.0
41,955,0.0
510,297,0.0
510,738,0.0
510,480,0.0
510,1378,0.0
510,899,0.0
510,256,0.0
510,2274,0.0
510,1101,0.0
510,2290,0.0
510,111,0.0
280,297,0.0
280,738,0.0
280,480,0.0
280,1378,0.0
280,899,0.0
280,256,0.0
280,2274,0.0
280,1101,0.0
280,2290,0.0
280,111,0.0
599,297,0.0
599,738,0.0
599,480,0.0
599,1378,0.0
599,899,0.0
599,256,0.0
599,2274,0.0
599,1101,0.0
599,2290,0.0
599,111,0.0
584,297,0.0
584,480,0.0
584,1378,0.0
584,899,0.0
584,256,0.0
584,2274,0.0
584,1101,0.0
584,2290,0.0
584,111,0.0
584,955,0.0
256,297,0.0
256,738,0.0
256,1378,0.0
256,899,0.0
256,256,0.0
256,2274,0.0
256,1101,0.0
256,2290,0.0
256,111,0.0
256,733,0.0
114,297,0.0
114,738,0.0
114,480,0.0
114,1378,0.0
114,899,0.0
114,256,0.0
114,2274,0.0
114,1101,0.0
114,2290,0.0
114,111,0.0
246,738,0.0
246,480,0.0
246,1378,0.0
246,899,0.0
246,2274,0.0
246,1101,0.0
246,2290,0.0
246,111,0.0
246,733,0.0
246,955,0.0
396,297,0.0
396,738,0.0
396,480,0.0
396,1378,0.0
396,899,0.0
396,256,0.0
396,2274,0.0
396,1101,0.0
396,2290,0.0
396,111,0.0
380,738,0.0
380,480,0.0
380,1378,0.0
380,899,0.0
380,256,0.0
380,2274,0.0
380,1101,0.0
380,2290,0.0
380,733,0.0
380,955,0.0
306,297,0.0
306,738,0.0
306,480,0.0
306,1378,0.0
306,899,0.0
306,256,0.0
306,2274,0.0
306,1101,0.0
306,2290,0.0
306,111,0.0
534,297,0.0
534,738,0.0
534,480,0.0
534,1378,0.0
534,899,0.0
534,256,0.0
534,2274,0.0
534,1101,0.0
534,2290,0.0
534,111,0.0
271,297,0.0
271,738,0.0
271,1378,0.0
271,899,0.0
271,2274,0.0
271,1101,0.0
271,2290,0.0
271,111,0.0
271,733,0.0
271,955,0.0
651,297,0.0
651,738,0.0
651,480,0.0
651,1378,0.0
651,899,0.0
651,2274,0.0
651,2290,0.0
651,111,0.0
651,733,0.0
651,955,0.0
1,297,0.0
1,738,0.0
1,480,0.0
1,1378,0.0
1,899,0.0
1,256,0.0
1,2274,0.0
1,1101,0.0
1,2290,0.0
1,111,0.0
35,297,0.0
35,738,0.0
35,480,0.0
35,1378,0.0
35,899,0.0
35,256,0.0
35,2274,0.0
35,1101,0.0
35,2290,0.0
35,111,0.0
624,297,0.0
624,738,0.0
624,480,0.0
624,1378,0.0
624,899,0.0
624,256,0.0
624,2274,0.0
624,1101,0.0
624,2290,0.0
624,733,0.0
430,297,0.0
430,738,0.0
430,480,0.0
430,1378,0.0
430,899,0.0
430,256,0.0
430,2274,0.0
430,1101,0.0
430,2290,0.0
430,111,0.0
383,738,0.0
383,1378,0.0
383,899,0.0
383,2274,0.0
383,1101,0.0
383,2290,0.0
383,733,0.0
383,955,0.0
383,1925,0.0
383,1678,0.0
466,297,0.0
466,738,0.0
466,480,0.0
466,1378,0.0
466,899,0.0
466,256,0.0
466,2274,0.0
466,1101,0.0
466,2290,0.0
466,733,0.0
538,297,0.0
538,738,0.0
538,480,0.0
538,1378,0.0
538,899,0.0
538,256,0.0
538,2274,0.0
538,1101,0.0
538,2290,0.0
538,111,0.0
110,1378,0.0
110,899,0.0
110,256,0.0
110,2274,0.0
110,1101,0.0
110,2290,0.0
110,733,0.0
110,955,0.0
110,1925,0.0
110,342,0.0
569,738,0.0
569,1378,0.0
569,899,0.0
569,256,0.0
569,2274,0.0
569,1101,0.0
569,2290,0.0
569,111,0.0
569,733,0.0
569,955,0.0
102,738,0.0
102,480,0.0
102,1378,0.0
102,899,0.0
102,256,0.0
102,2274,0.0
102,1101,0.0
102,2290,0.0
102,733,0.0
102,955,0.0
348,297,0.0
348,738,0.0
348,480,0.0
348,1378,0.0
348,899,0.0
348,256,0.0
348,2274,0.0
348,1101,0.0
348,2290,0.0
348,111,0.0
602,297,0.0
602,738,0.0
602,480,0.0
602,1378,0.0
602,899,0.0
602,256,0.0
602,2274,0.0
602,1101,0.0
602,2290,0.0
602,111,0.0
433,297,0.0
433,738,0.0
433,480,0.0
433,1378,0.0
433,899,0.0
433,256,0.0
433,2274,0.0
433,1101,0.0
433,2290,0.0
433,733,0.0
636,297,0.0
636,738,0.0
636,480,0.0
636,1378,0.0
636,899,0.0
636,256,0.0
636,2274,0.0
636,1101,0.0
636,2290,0.0
636,111,0.0
119,297,0.0
119,738,0.0
119,480,0.0
119,1378,0.0
119,899,0.0
119,256,0.0
119,2274,0.0
119,1101,0.0
119,2290,0.0
119,733,0.0
146,297,0.0
146,738,0.0
146,480,0.0
146,1378,0.0
146,899,0.0
146,256,0.0
146,2274,0.0
146,1101,0.0
146,2290,0.0
146,111,0.0
622,297,0.0
622,738,0.0
622,480,0.0
622,1378,0.0
622,899,0.0
622,256,0.0
622,2274,0.0
622,1101,0.0
622,2290,0.0
622,111,0.0
343,297,0.0
343,738,0.0
343,480,0.0
343,1378,0.0
343,899,0.0
343,256,0.0
343,2274,0.0
343,1101,0.0
343,2290,0.0
343,111,0.0
236,297,0.0
236,738,0.0
236,480,0.0
236,1378,0.0
236,899,0.0
236,256,0.0
236,2274,0.0
236,1101,0.0
236,2290,0.0
236,111,0.0
32,297,0.0
32,738,0.0
32,480,0.0
32,1378,0.0
32,899,0.0
32,256,0.0
32,2274,0.0
32,1101,0.0
32,2290,0.0
32,111,0.0
292,297,0.0
292,738,0.0
292,1378,0.0
292,899,0.0
292,256,0.0
292,2274,0.0
292,1101,0.0
292,2290,0.0
292,111,0.0
292,733,0.0
369,297,0.0
369,738,0.0
369,1378,0.0
369,899,0.0
369,256,0.0
369,2274,0.0
369,1101,0.0
369,2290,0.0
369,111,0.0
369,733,0.0
500,297,0.0
500,738,0.0
500,1378,0.0
500,899,0.0
500,256,0.0
500,2274,0.0
500,1101,0.0
500,2290,0.0
500,111,0.0
500,733,0.0
597,297,0.0
597,738,0.0
597,1378,0.0
597,899,0.0
597,256,0.0
597,2274,0.0
597,1101,0.0
597,2290,0.0
597,111,0.0
597,733,0.0
547,297,0.0
547,738,0.0
547,480,0.0
547,1378,0.0
547,899,0.0
547,256,0.0
547,2274,0.0
547,1101,0.0
547,2290,0.0
547,111,0.0
642,297,0.0
642,738,0.0
642,480,0.0
642,1378,0.0
642,899,0.0
642,256,0.0
642,2274,0.0
642,1101,0.0
642,2290,0.0
642,111,0.0
288,297,0.0
288,738,0.0
288,480,0.0
288,1378,0.0
288,899,0.0
288,256,0.0
288,2274,0.0
288,1101,0.0
288,2290,0.0
288,111,0.0
481,297,0.0
481,738,0.0
481,480,0.0
481,1378,0.0
481,899,0.0
481,256,0.0
481,2274,0.0
481,1101,0.0
481,2290,0.0
481,733,0.0
6,297,0.0
6,738,0.0
6,480,0.0
6,1378,0.0
6,899,0.0
6,256,0.0
6,2274,0.0
6,1101,0.0
6,2290,0.0
6,111,0.0
172,297,0.0
172,738,0.0
172,480,0.0
172,1378,0.0
172,899,0.0
172,256,0.0
172,2274,0.0
172,1101,0.0
172,2290,0.0
172,111,0.0
654,297,0.0
654,738,0.0
654,1378,0.0
654,899,0.0
654,256,0.0
654,2274,0.0
654,1101,0.0
654,2290,0.0
654,111,0.0
654,733,0.0
181,297,0.0
181,738,0.0
181,480,0.0
181,1378,0.0
181,899,0.0
181,256,0.0
181,2274,0.0
181,1101,0.0
181,2290,0.0
181,111,0.0
36,297,0.0
36,480,0.0
36,1378,0.0
36,899,0.0
36,256,0.0
36,2274,0.0
36,1101,0.0
36,2290,0.0
36,111,0.0
36,733,0.0
385,297,0.0
385,480,0.0
385,1378,0.0
385,899,0.0
385,256,0.0
385,2274,0.0
385,1101,0.0
385,2290,0.0
385,111,0.0
385,733,0.0
522,738,0.0
522,1378,0.0
522,899,0.0
522,2274,0.0
522,1101,0.0
522,2290,0.0
522,111,0.0
522,733,0.0
522,955,0.0
522,1925,0.0
304,297,0.0
304,738,0.0
304,480,0.0
304,1378,0.0
304,899,0.0
304,256,0.0
304,2274,0.0
304,1101,0.0
304,2290,0.0
304,111,0.0
137,297,0.0
137,738,0.0
137,1378,0.0
137,899,0.0
137,256,0.0
137,2274,0.0
137,1101,0.0
137,2290,0.0
137,111,0.0
137,733,0.0
49,297,0.0
49,738,0.0
49,480,0.0
49,1378,0.0
49,899,0.0
49,256,0.0
49,2274,0.0
49,1101,0.0
49,2290,0.0
49,111,0.0
475,297,0.0
475,738,0.0
475,480,0.0
475,1378,0.0
475,899,0.0
475,256,0.0
475,2274,0.0
475,1101,0.0
475,2290,0.0
475,111,0.0
141,297,0.0
141,738,0.0
141,480,0.0
141,1378,0.0
141,899,0.0
141,256,0.0
141,2274,0.0
141,1101,0.0
141,2290,0.0
141,111,0.0
73,297,0.0
73,738,0.0
73,480,0.0
73,1378,0.0
73,899,0.0
73,256,0.0
73,2274,0.0
73,1101,0.0
73,2290,0.0
73,733,0.0
193,297,0.0
193,738,0.0
193,480,0.0
193,1378,0.0
193,899,0.0
193,256,0.0
193,2274,0.0
193,1101,0.0
193,2290,0.0
193,111,0.0
327,297,0.0
327,738,0.0
327,480,0.0
327,1378,0.0
327,899,0.0
327,256,0.0
327,2274,0.0
327,1101,0.0
327,2290,0.0
327,733,0.0
470,297,0.0
470,738,0.0
470,1378,0.0
470,899,0.0
470,2274,0.0
470,1101,0.0
470,2290,0.0
470,733,0.0
470,955,0.0
470,1925,0.0
295,297,0.0
295,738,0.0
295,480,0.0
295,1378,0.0
295,899,0.0
295,256,0.0
295,2274,0.0
295,1101,0.0
295,2290,0.0
295,111,0.0
342,297,0.0
342,738,0.0
342,480,0.0
342,1378,0.0
342,899,0.0
342,256,0.0
342,2274,0.0
342,1101,0.0
342,2290,0.0
342,111,0.0
98,297,0.0
98,738,0.0
98,1378,0.0
98,899,0.0
98,256,0.0
98,2274,0.0
98,1101,0.0
98,2290,0.0
98,733,0.0
98,955,0.0
661,297,0.0
661,738,0.0
661,480,0.0
661,1378,0.0
661,899,0.0
661,256,0.0
661,2274,0.0
661,1101,0.0
661,2290,0.0
661,111,0.0
317,297,0.0
317,738,0.0
317,480,0.0
317,1378,0.0
317,899,0.0
317,256,0.0
317,2274,0.0
317,1101,0.0
317,2290,0.0
317,111,0.0
349,738,0.0
349,1378,0.0
349,899,0.0
349,2274,0.0
349,1101,0.0
349,2290,0.0
349,111,0.0
349,733,0.0
349,955,0.0
349,1925,0.0
195,297,0.0
195,738,0.0
195,480,0.0
195,1378,0.0
195,899,0.0
195,256,0.0
195,2274,0.0
195,1101,0.0
195,2290,0.0
195,111,0.0
328,297,0.0
328,738,0.0
328,480,0.0
328,1378,0.0
328,899,0.0
328,256,0.0
328,2274,0.0
328,1101,0.0
328,2290,0.0
328,111,0.0
89,297,0.0
89,738,0.0
89,480,0.0
89,1378,0.0
89,899,0.0
89,256,0.0
89,2274,0.0
89,1101,0.0
89,2290,0.0
89,111,0.0
97,297,0.0
97,480,0.0
97,1378,0.0
97,899,0.0
97,256,0.0
97,2274,0.0
97,1101,0.0
97,2290,0.0
97,733,0.0
97,955,0.0
491,297,0.0
491,738,0.0
491,480,0.0
491,1378,0.0
491,899,0.0
491,256,0.0
491,2274,0.0
491,1101,0.0
491,111,0.0
491,733,0.0
515,297,0.0
515,738,0.0
515,480,0.0
515,1378,0.0
515,899,0.0
515,256,0.0
515,2274,0.0
515,1101,0.0
515,2290,0.0
515,111,0.0
529,297,0.0
529,738,0.0
529,480,0.0
529,1378,0.0
529,899,0.0
529,256,0.0
529,2274,0.0
529,1101,0.0
529,2290,0.0
529,111,0.0
347,297,0.0
347,738,0.0
347,480,0.0
347,1378,0.0
347,899,0.0
347,256,0.0
347,2274,0.0
347,1101,0.0
347,2290,0.0
347,111,0.0
56,297,0.0
56,738,0.0
56,480,0.0
56,1378,0.0
56,899,0.0
56,2274,0.0
56,1101,0.0
56,2290,0.0
56,733,0.0
56,955,0.0
532,297,0.0
532,738,0.0
532,480,0.0
532,1378,0.0
532,899,0.0
532,256,0.0
532,2274,0.0
532,1101,0.0
532,2290,0.0
532,111,0.0
80,297,0.0
80,738,0.0
80,480,0.0
80,1378,0.0
80,899,0.0
80,256,0.0
80,2274,0.0
80,1101,0.0
80,2290,0.0
80,111,0.0
24,297,0.0
24,738,0.0
24,480,0.0
24,1378,0.0
24,899,0.0
24,256,0.0
24,2274,0.0
24,1101,0.0
24,2290,0.0
24,111,0.0
399,297,0.0
399,738,0.0
399,480,0.0
399,1378,0.0
399,899,0.0
399,256,0.0
399,2274,0.0
399,1101,0.0
399,2290,0.0
399,111,0.0
257,297,0.0
257,738,0.0
257,480,0.0
257,1378,0.0
257,899,0.0
257,256,0.0
257,2274,0.0
257,1101,0.0
257,2290,0.0
257,111,0.0
68,297,0.0
68,738,0.0
68,480,0.0
68,1378,0.0
68,899,0.0
68,256,0.0
68,2274,0.0
68,1101,0.0
68,2290,0.0
68,733,0.0
418,297,0.0
418,738,0.0
418,480,0.0
418,1378,0.0
418,899,0.0
418,256,0.0
418,2274,0.0
418,1101,0.0
418,2290,0.0
418,111,0.0
66,297,0.0
66,738,0.0
66,480,0.0
66,1378,0.0
66,899,0.0
66,256,0.0
66,2274,0.0
66,1101,0.0
66,2290,0.0
66,111,0.0
566,297,0.0
566,738,0.0
566,480,0.0
566,1378,0.0
566,899,0.0
566,256,0.0
566,2274,0.0
566,1101,0.0
566,2290,0.0
566,111,0.0
402,297,0.0
402,738,0.0
402,480,0.0
402,1378,0.0
402,899,0.0
402,256,0.0
402,2274,0.0
402,1101,0.0
402,2290,0.0
402,111,0.0
330,297,0.0
330,738,0.0
330,480,0.0
330,1378,0.0
330,899,0.0
330,256,0.0
330,2274,0.0
330,1101,0.0
330,2290,0.0
330,111,0.0
336,297,0.0
336,738,0.0
336,480,0.0
336,1378,0.0
336,899,0.0
336,256,0.0
336,2274,0.0
336,1101,0.0
336,2290,0.0
336,111,0.0
123,297,0.0
123,738,0.0
123,1378,0.0
123,899,0.0
123,256,0.0
123,2274,0.0
123,1101,0.0
123,2290,0.0
123,111,0.0
123,733,0.0
378,297,0.0
378,738,0.0
378,1378,0.0
378,899,0.0
378,256,0.0
378,2274,0.0
378,1101,0.0
378,2290,0.0
378,111,0.0
378,733,0.0
329,738,0.0
329,480,0.0
329,1378,0.0
329,899,0.0
329,256,0.0
329,2274,0.0
329,1101,0.0
329,2290,0.0
329,111,0.0
329,733,0.0
496,297,0.0
496,738,0.0
496,480,0.0
496,1378,0.0
496,899,0.0
496,2274,0.0
496,1101,0.0
496,2290,0.0
496,111,0.0
496,733,0.0
60,297,0.0
60,738,0.0
60,1378,0.0
60,899,0.0
60,256,0.0
60,2274,0.0
60,1101,0.0
60,2290,0.0
60,111,0.0
60,733,0.0
634,297,0.0
634,738,0.0
634,480,0.0
634,1378,0.0
634,899,0.0
634,256,0.0
634,2274,0.0
634,1101,0.0
634,2290,0.0
634,111,0.0
640,297,0.0
640,738,0.0
640,480,0.0
640,1378,0.0
640,899,0.0
640,256,0.0
640,2274,0.0
640,1101,0.0
640,2290,0.0
640,111,0.0
88,297,0.0
88,738,0.0
88,480,0.0
88,1378,0.0
88,899,0.0
88,256,0.0
88,2274,0.0
88,1101,0.0
88,2290,0.0
88,111,0.0
568,297,0.0
568,738,0.0
568,480,0.0
568,1378,0.0
568,899,0.0
568,256,0.0
568,2274,0.0
568,1101,0.0
568,2290,0.0
568,955,0.0
540,297,0.0
540,738,0.0
540,480,0.0
540,1378,0.0
540,899,0.0
540,256,0.0
540,2274,0.0
540,1101,0.0
540,2290,0.0
540,111,0.0
493,297,0.0
493,738,0.0
493,480,0.0
493,1378,0.0
493,899,0.0
493,256,0.0
493,2274,0.0
493,1101,0.0
493,2290,0.0
493,111,0.0
321,297,0.0
321,738,0.0
321,480,0.0
321,1378,0.0
321,899,0.0
321,256,0.0
321,2274,0.0
321,2290,0.0
321,733,0.0
321,955,0.0
489,297,0.0
489,738,0.0
489,480,0.0
489,1378,0.0
489,899,0.0
489,256,0.0
489,2274,0.0
489,1101,0.0
489,2290,0.0
489,111,0.0
240,297,0.0
240,738,0.0
240,480,0.0
240,1378,0.0
240,899,0.0
240,256,0.0
240,2274,0.0
240,1101,0.0
240,2290,0.0
240,111,0.0
61,297,0.0
61,738,0.0
61,480,0.0
61,1378,0.0
61,899,0.0
61,256,0.0
61,2274,0.0
61,1101,0.0
61,2290,0.0
61,111,0.0
197,297,0.0
197,738,0.0
197,480,0.0
197,1378,0.0
197,899,0.0
197,256,0.0
197,2274,0.0
197,1101,0.0
197,2290,0.0
197,111,0.0
132,297,0.0
132,738,0.0
132,1378,0.0
132,899,0.0
132,256,0.0
132,2274,0.0
132,1101,0.0
132,2290,0.0
132,111,0.0
132,733,0.0
282,297,0.0
282,738,0.0
282,480,0.0
282,1378,0.0
282,899,0.0
282,256,0.0
282,2274,0.0
282,1101,0.0
282,2290,0.0
282,111,0.0
492,297,0.0
492,738,0.0
492,480,0.0
492,1378,0.0
492,899,0.0
492,256,0.0
492,2274,0.0
492,1101,0.0
492,2290,0.0
492,733,0.0
103,297,0.0
103,738,0.0
103,1378,0.0
103,899,0.0
103,256,0.0
103,2274,0.0
103,1101,0.0
103,2290,0.0
103,111,0.0
103,733,0.0
134,297,0.0
134,738,0.0
134,480,0.0
134,1378,0.0
134,899,0.0
134,256,0.0
134,1101,0.0
134,2290,0.0
134,111,0.0
134,733,0.0
558,297,0.0
558,738,0.0
558,480,0.0
558,1378,0.0
558,899,0.0
558,256,0.0
558,2274,0.0
558,1101,0.0
558,2290,0.0
558,733,0.0
320,297,0.0
320,738,0.0
320,480,0.0
320,1378,0.0
320,899,0.0
320,256,0.0
320,2274,0.0
320,1101,0.0
320,2290,0.0
320,111,0.0
21,297,0.0
21,738,0.0
21,1378,0.0
21,899,0.0
21,2274,0.0
21,1101,0.0
21,2290,0.0
21,733,0.0
21,955,0.0
21,1925,0.0
138,738,0.0
138,480,0.0
138,1378,0.0
138,899,0.0
138,256,0.0
138,2274,0.0
138,1101,0.0
138,2290,0.0
138,111,0.0
138,733,0.0
226,297,0.0
226,738,0.0
226,480,0.0
226,1378,0.0
226,899,0.0
226,256,0.0
226,2274,0.0
226,1101,0.0
226,2290,0.0
226,111,0.0
351,297,0.0
351,738,0.0
351,480,0.0
351,1378,0.0
351,899,0.0
351,2274,0.0
351,1101,0.0
351,2290,0.0
351,111,0.0
351,733,0.0
283,297,0.0
283,738,0.0
283,480,0.0
283,1378,0.0
283,899,0.0
283,256,0.0
283,2274,0.0
283,1101,0.0
283,2290,0.0
283,111,0.0
362,738,0.0
362,480,0.0
362,1378,0.0
362,899,0.0
362,256,0.0
362,2274,0.0
362,1101,0.0
362,2290,0.0
362,111,0.0
362,955,0.0
371,297,0.0
371,738,0.0
371,480,0.0
371,1378,0.0
371,899,0.0
371,256,0.0
371,2274,0.0
371,1101,0.0
371,2290,0.0
371,111,0.0
544,297,0.0
544,738,0.0
544,480,0.0
544,1378,0.0
544,899,0.0
544,256,0.0
544,2274,0.0
544,1101,0.0
544,2290,0.0
544,733,0.0
478,297,0.0
478,738,0.0
478,1378,0.0
478,899,0.0
478,256,0.0
478,2274,0.0
478,1101,0.0
478,2290,0.0
478,111,0.0
478,733,0.0
650,297,0.0
650,738,0.0
650,480,0.0
650,1378,0.0
650,899,0.0
650,256,0.0
650,2274,0.0
650,1101,0.0
650,2290,0.0
650,111,0.0
498,297,0.0
498,738,0.0
498,480,0.0
498,1378,0.0
498,899,0.0
498,256,0.0
498,2274,0.0
498,1101,0.0
498,2290,0.0
498,111,0.0
443,297,0.0
443,738,0.0
443,480,0.0
443,1378,0.0
443,899,0.0
443,256,0.0
443,2274,0.0
443,1101,0.0
443,2290,0.0
443,111,0.0
116,297,0.0
116,738,0.0
116,480,0.0
116,1378,0.0
116,899,0.0
116,256,0.0
116,2274,0.0
116,1101,0.0
116,2290,0.0
116,111,0.0
59,297,0.0
59,738,0.0
59,480,0.0
59,1378,0.0
59,899,0.0
59,256,0.0
59,2274,0.0
59,1101,0.0
59,2290,0.0
59,111,0.0
367,297,0.0
367,738,0.0
367,480,0.0
367,1378,0.0
367,899,0.0
367,256,0.0
367,2274,0.0
367,1101,0.0
367,2290,0.0
367,111,0.0
641,297,0.0
641,738,0.0
641,480,0.0
641,1378,0.0
641,899,0.0
641,256,0.0
641,2274,0.0
641,1101,0.0
641,2290,0.0
641,111,0.0
344,297,0.0
344,738,0.0
344,1378,0.0
344,899,0.0
344,256,0.0
344,2274,0.0
344,1101,0.0
344,2290,0.0
344,733,0.0
344,955,0.0
375,297,0.0
375,480,0.0
375,1378,0.0
375,899,0.0
375,256,0.0
375,2274,0.0
375,1101,0.0
375,2290,0.0
375,111,0.0
375,955,0.0
442,297,0.0
442,738,0.0
442,480,0.0
442,1378,0.0
442,899,0.0
442,256,0.0
442,2274,0.0
442,1101,0.0
442,2290,0.0
442,111,0.0
65,297,0.0
65,738,0.0
65,480,0.0
65,1378,0.0
65,899,0.0
65,256,0.0
65,2274,0.0
65,1101,0.0
65,2290,0.0
65,111,0.0
166,297,0.0
166,738,0.0
166,480,0.0
166,1378,0.0
166,899,0.0
166,256,0.0
166,2274,0.0
166,1101,0.0
166,2290,0.0
166,111,0.0
250,297,0.0
250,738,0.0
250,480,0.0
250,1378,0.0
250,899,0.0
250,256,0.0
250,2274,0.0
250,1101,0.0
250,2290,0.0
250,111,0.0
629,297,0.0
629,738,0.0
629,480,0.0
629,1378,0.0
629,899,0.0
629,256,0.0
629,2274,0.0
629,1101,0.0
629,2290,0.0
629,111,0.0
74,738,0.0
74,1378,0.0
74,2274,0.0
74,1101,0.0
74,2290,0.0
74,733,0.0
74,955,0.0
74,1925,0.0
74,342,0.0
74,1678,0.0
639,297,0.0
639,738,0.0
639,480,0.0
639,1378,0.0
639,899,0.0
639,256,0.0
639,2274,0.0
639,1101,0.0
639,2290,0.0
639,111,0.0
490,297,0.0
490,738,0.0
490,480,0.0
490,1378,0.0
490,899,0.0
490,256,0.0
490,2274,0.0
490,1101,0.0
490,2290,0.0
490,111,0.0
619,297,0.0
619,738,0.0
619,1378,0.0
619,899,0.0
619,256,0.0
619,2274,0.0
619,1101,0.0
619,2290,0.0
619,111,0.0
619,733,0.0
179,297,0.0
179,738,0.0
179,480,0.0
179,1378,0.0
179,899,0.0
179,256,0.0
179,2274,0.0
179,1101,0.0
179,2290,0.0
179,111,0.0
182,297,0.0
182,738,0.0
182,480,0.0
182,1378,0.0
182,899,0.0
182,256,0.0
182,2274,0.0
182,1101,0.0
182,2290,0.0
182,733,0.0
523,297,0.0
523,738,0.0
523,480,0.0
523,1378,0.0
523,899,0.0
523,256,0.0
523,2274,0.0
523,1101,0.0
523,2290,0.0
523,111,0.0
594,297,0.0
594,738,0.0
594,480,0.0
594,1378,0.0
594,899,0.0
594,256,0.0
594,2274,0.0
594,1101,0.0
594,2290,0.0
594,111,0.0
446,297,0.0
446,738,0.0
446,480,0.0
446,1378,0.0
446,899,0.0
446,256,0.0
446,2274,0.0
446,1101,0.0
446,2290,0.0
446,111,0.0
165,297,0.0
165,738,0.0
165,480,0.0
165,1378,0.0
165,899,0.0
165,256,0.0
165,2274,0.0
165,1101,0.0
165,2290,0.0
165,111,0.0
368,297,0.0
368,738,0.0
368,480,0.0
368,1378,0.0
368,899,0.0
368,256,0.0
368,2274,0.0
368,1101,0.0
368,2290,0.0
368,111,0.0
11,297,0.0
11,738,0.0
11,480,0.0
11,1378,0.0
11,899,0.0
11,256,0.0
11,2274,0.0
11,1101,0.0
11,2290,0.0
11,111,0.0
17,297,0.0
17,738,0.0
17,480,0.0
17,1378,0.0
17,899,0.0
17,256,0.0
17,2274,0.0
17,1101,0.0
17,2290,0.0
17,111,0.0
655,297,0.0
655,738,0.0
655,480,0.0
655,1378,0.0
655,899,0.0
655,256,0.0
655,2274,0.0
655,2290,0.0
655,111,0.0
655,733,0.0
633,297,0.0
633,738,0.0
633,480,0.0
633,1378,0.0
633,899,0.0
633,256,0.0
633,2274,0.0
633,1101,0.0
633,2290,0.0
633,111,0.0
355,297,0.0
355,738,0.0
355,480,0.0
355,1378,0.0
355,899,0.0
355,256,0.0
355,2274,0.0
355,1101,0.0
355,2290,0.0
355,111,0.0
337,297,0.0
337,738,0.0
337,480,0.0
337,1378,0.0
337,899,0.0
337,256,0.0
337,2274,0.0
337,1101,0.0
337,2290,0.0
337,111,0.0
326,297,0.0
326,738,0.0
326,480,0.0
326,1378,0.0
326,899,0.0
326,256,0.0
326,2274,0.0
326,1101,0.0
326,2290,0.0
326,111,0.0
350,297,0.0
350,738,0.0
350,480,0.0
350,1378,0.0
350,899,0.0
350,256,0.0
350,2274,0.0
350,1101,0.0
350,2290,0.0
350,111,0.0
382,297,0.0
382,738,0.0
382,480,0.0
382,1378,0.0
382,899,0.0
382,256,0.0
382,2274,0.0
382,1101,0.0
382,2290,0.0
382,111,0.0
608,297,0.0
608,738,0.0
608,480,0.0
608,1378,0.0
608,899,0.0
608,256,0.0
608,2274,0.0
608,1101,0.0
608,111,0.0
608,733,0.0
106,297,0.0
106,738,0.0
106,480,0.0
106,1378,0.0
106,899,0.0
106,256,0.0
106,2274,0.0
106,1101,0.0
106,2290,0.0
106,111,0.0
476,297,0.0
476,738,0.0
476,480,0.0
476,1378,0.0
476,899,0.0
476,256,0.0
476,2274,0.0
476,1101,0.0
476,2290,0.0
476,111,0.0
652,297,0.0
652,738,0.0
652,480,0.0
652,1378,0.0
652,899,0.0
652,256,0.0
652,2274,0.0
652,1101,0.0
652,2290,0.0
652,733,0.0
562,297,0.0
562,738,0.0
562,480,0.0
562,1378,0.0
562,899,0.0
562,256,0.0
562,2274,0.0
562,1101,0.0
562,2290,0.0
562,111,0.0
494,297,0.0
494,738,0.0
494,480,0.0
494,1378,0.0
494,899,0.0
494,256,0.0
494,2274,0.0
494,1101,0.0
494,2290,0.0
494,111,0.0
150,297,0.0
150,738,0.0
150,480,0.0
150,1378,0.0
150,899,0.0
150,256,0.0
150,2274,0.0
150,1101,0.0
150,2290,0.0
150,111,0.0
125,297,0.0
125,738,0.0
125,480,0.0
125,1378,0.0
125,899,0.0
125,256,0.0
125,2274,0.0
125,1101,0.0
125,2290,0.0
125,111,0.0
632,297,0.0
632,738,0.0
632,480,0.0
632,1378,0.0
632,899,0.0
632,256,0.0
632,2274,0.0
632,1101,0.0
632,2290,0.0
632,111,0.0
648,297,0.0
648,738,0.0
648,480,0.0
648,1378,0.0
648,899,0.0
648,256,0.0
648,2274,0.0
648,1101,0.0
648,2290,0.0
648,111,0.0
625,297,0.0
625,738,0.0
625,480,0.0
625,1378,0.0
625,899,0.0
625,256,0.0
625,2274,0.0
625,1101,0.0
625,2290,0.0
625,111,0.0
143,297,0.0
143,738,0.0
143,480,0.0
143,1378,0.0
143,899,0.0
143,256,0.0
143,2274,0.0
143,1101,0.0
143,2290,0.0
143,111,0.0
497,297,0.0
497,738,0.0
497,480,0.0
497,1378,0.0
497,899,0.0
497,256,0.0
497,2274,0.0
497,1101,0.0
497,2290,0.0
497,733,0.0
423,297,0.0
423,738,0.0
423,480,0.0
423,1378,0.0
423,899,0.0
423,256,0.0
423,2274,0.0
423,1101,0.0
423,2290,0.0
423,111,0.0
356,297,0.0
356,738,0.0
356,480,0.0
356,1378,0.0
356,899,0.0
356,256,0.0
356,2274,0.0
356,1101,0.0
356,2290,0.0
356,111,0.0
403,297,0.0
403,738,0.0
403,480,0.0
403,1378,0.0
403,899,0.0
403,256,0.0
403,2274,0.0
403,1101,0.0
403,2290,0.0
403,111,0.0
363,297,0.0
363,738,0.0
363,480,0.0
363,1378,0.0
363,899,0.0
363,256,0.0
363,2274,0.0
363,1101,0.0
363,2290,0.0
363,111,0.0
12,297,0.0
12,738,0.0
12,480,0.0
12,1378,0.0
12,899,0.0
12,256,0.0
12,2274,0.0
12,1101,0.0
12,2290,0.0
12,111,0.0
656,297,0.0
656,738,0.0
656,480,0.0
656,1378,0.0
656,899,0.0
656,256,0.0
656,2274,0.0
656,1101,0.0
656,2290,0.0
656,111,0.0
190,297,0.0
190,738,0.0
190,480,0.0
190,1378,0.0
190,899,0.0
190,256,0.0
190,2274,0.0
190,1101,0.0
190,2290,0.0
190,111,0.0
62,297,0.0
62,738,0.0
62,1378,0.0
62,899,0.0
62,256,0.0
62,2274,0.0
62,1101,0.0
62,2290,0.0
62,111,0.0
62,733,0.0
660,297,0.0
660,738,0.0
660,480,0.0
660,1378,0.0
660,899,0.0
660,256,0.0
660,2274,0.0
660,1101,0.0
660,2290,0.0
660,111,0.0
203,297,0.0
203,738,0.0
203,480,0.0
203,1378,0.0
203,899,0.0
203,256,0.0
203,2274,0.0
203,1101,0.0
203,2290,0.0
203,111,0.0
210,297,0.0
210,738,0.0
210,480,0.0
210,1378,0.0
210,899,0.0
210,256,0.0
210,2274,0.0
210,1101,0.0
210,2290,0.0
210,111,0.0
126,297,0.0
126,738,0.0
126,480,0.0
126,1378,0.0
126,899,0.0
126,256,0.0
126,2274,0.0
126,1101,0.0
126,2290,0.0
126,111,0.0
618,297,0.0
618,738,0.0
618,480,0.0
618,1378,0.0
618,899,0.0
618,256,0.0
618,2274,0.0
618,1101,0.0
618,2290,0.0
618,111,0.0
473,297,0.0
473,738,0.0
473,480,0.0
473,1378,0.0
473,899,0.0
473,256,0.0
473,2274,0.0
473,1101,0.0
473,2290,0.0
473,111,0.0
243,297,0.0
243,738,0.0
243,1378,0.0
243,899,0.0
243,256,0.0
243,2274,0.0
243,1101,0.0
243,2290,0.0
243,111,0.0
243,733,0.0
332,297,0.0
332,738,0.0
332,480,0.0
332,1378,0.0
332,899,0.0
332,256,0.0
332,2274,0.0
332,1101,0.0
332,2290,0.0
332,111,0.0
224,297,0.0
224,738,0.0
224,480,0.0
224,1378,0.0
224,899,0.0
224,256,0.0
224,2274,0.0
224,1101,0.0
224,2290,0.0
224,111,0.0
159,297,0.0
159,738,0.0
159,480,0.0
159,1378,0.0
159,899,0.0
159,256,0.0
159,2274,0.0
159,1101,0.0
159,2290,0.0
159,733,0.0
222,297,0.0
222,738,0.0
222,480,0.0
222,1378,0.0
222,899,0.0
222,256,0.0
222,2274,0.0
222,1101,0.0
222,2290,0.0
222,111,0.0
511,297,0.0
511,738,0.0
511,480,0.0
511,1378,0.0
511,899,0.0
511,2274,0.0
511,1101,0.0
511,2290,0.0
511,111,0.0
511,733,0.0
130,297,0.0
130,738,0.0
130,480,0.0
130,1378,0.0
130,899,0.0
130,256,0.0
130,2274,0.0
130,1101,0.0
130,2290,0.0
130,111,0.0
79,297,0.0
79,738,0.0
79,480,0.0
79,1378,0.0
79,899,0.0
79,256,0.0
79,2274,0.0
79,1101,0.0
79,2290,0.0
79,111,0.0
202,297,0.0
202,738,0.0
202,480,0.0
202,1378,0.0
202,899,0.0
202,256,0.0
202,2274,0.0
202,1101,0.0
202,2290,0.0
202,111,0.0
51,297,0.0
51,738,0.0
51,480,0.0
51,1378,0.0
51,899,0.0
51,256,0.0
51,2274,0.0
51,1101,0.0
51,2290,0.0
51,111,0.0
276,297,0.0
276,738,0.0
276,480,0.0
276,1378,0.0
276,899,0.0
276,256,0.0
276,2274,0.0
276,1101,0.0
276,2290,0.0
276,111,0.0
187,297,0.0
187,738,0.0
187,480,0.0
187,1378,0.0
187,899,0.0
187,256,0.0
187,2274,0.0
187,1101,0.0
187,2290,0.0
187,111,0.0
180,297,0.0
180,738,0.0
180,480,0.0
180,1378,0.0
180,899,0.0
180,256,0.0
180,2274,0.0
180,1101,0.0
180,2290,0.0
180,111,0.0
392,297,0.0
392,480,0.0
392,1378,0.0
392,899,0.0
392,256,0.0
392,2274,0.0
392,1101,0.0
392,2290,0.0
392,111,0.0
392,733,0.0
247,297,0.0
247,738,0.0
247,1378,0.0
247,256,0.0
247,2274,0.0
247,1101,0.0
247,2290,0.0
247,733,0.0
247,955,0.0
247,1925,0.0
612,297,0.0
612,738,0.0
612,1378,0.0
612,899,0.0
612,256,0.0
612,2274,0.0
612,1101,0.0
612,2290,0.0
612,111,0.0
612,733,0.0
38,297,0.0
38,738,0.0
38,480,0.0
38,1378,0.0
38,899,0.0
38,256,0.0
38,2274,0.0
38,1101,0.0
38,2290,0.0
38,111,0.0
67,297,0.0
67,738,0.0
67,1378,0.0
67,899,0.0
67,256,0.0
67,2274,0.0
67,1101,0.0
67,2290,0.0
67,955,0.0
67,1925,0.0
308,297,0.0
308,738,0.0
308,1378,0.0
308,899,0.0
308,256,0.0
308,2274,0.0
308,1101,0.0
308,2290,0.0
308,733,0.0
308,955,0.0
570,297,0.0
570,738,0.0
570,480,0.0
570,1378,0.0
570,899,0.0
570,256,0.0
570,2274,0.0
570,1101,0.0
570,2290,0.0
570,111,0.0
600,297,0.0
600,738,0.0
600,480,0.0
600,1378,0.0
600,899,0.0
600,256,0.0
600,2274,0.0
600,1101,0.0
600,2290,0.0
600,111,0.0
472,297,0.0
472,738,0.0
472,480,0.0
472,1378,0.0
472,899,0.0
472,256,0.0
472,2274,0.0
472,1101,0.0
472,2290,0.0
472,111,0.0
397,738,0.0
397,480,0.0
397,1378,0.0
397,899,0.0
397,2274,0.0
397,1101,0.0
397,2290,0.0
397,111,0.0
397,733,0.0
397,955,0.0
303,297,0.0
303,738,0.0
303,480,0.0
303,1378,0.0
303,899,0.0
303,256,0.0
303,2274,0.0
303,1101,0.0
303,2290,0.0
303,111,0.0
139,297,0.0
139,738,0.0
139,480,0.0
139,1378,0.0
139,899,0.0
139,256,0.0
139,2274,0.0
139,1101,0.0
139,2290,0.0
139,111,0.0
388,297,0.0
388,738,0.0
388,480,0.0
388,1378,0.0
388,899,0.0
388,256,0.0
388,2274,0.0
388,1101,0.0
388,2290,0.0
388,111,0.0
561,738,0.0
561,1378,0.0
561,899,0.0
561,2274,0.0
561,1101,0.0
561,2290,0.0
561,733,0.0
561,955,0.0
561,1925,0.0
561,1678,0.0
590,297,0.0
590,738,0.0
590,480,0.0
590,1378,0.0
590,899,0.0
590,256,0.0
590,2274,0.0
590,1101,0.0
590,2290,0.0
590,111,0.0
178,297,0.0
178,738,0.0
178,480,0.0
178,1378,0.0
178,899,0.0
178,256,0.0
178,2274,0.0
178,1101,0.0
178,2290,0.0
178,111,0.0
78,297,0.0
78,738,0.0
78,480,0.0
78,1378,0.0
78,899,0.0
78,256,0.0
78,2274,0.0
78,1101,0.0
78,2290,0.0
78,733,0.0
578,297,0.0
578,738,0.0
578,480,0.0
578,1378,0.0
578,899,0.0
578,256,0.0
578,2274,0.0
578,1101,0.0
578,2290,0.0
578,111,0.0
216,297,0.0
216,738,0.0
216,480,0.0
216,1378,0.0
216,899,0.0
216,2274,0.0
216,1101,0.0
216,2290,0.0
216,111,0.0
216,733,0.0
5,297,0.0
5,738,0.0
5,480,0.0
5,1378,0.0
5,899,0.0
5,256,0.0
5,2274,0.0
5,1101,0.0
5,2290,0.0
5,111,0.0
228,297,0.0
228,480,0.0
228,1378,0.0
228,899,0.0
228,256,0.0
228,2274,0.0
228,1101,0.0
228,2290,0.0
228,111,0.0
228,733,0.0
192,297,0.0
192,738,0.0
192,480,0.0
192,1378,0.0
192,899,0.0
192,256,0.0
192,2274,0.0
192,1101,0.0
192,2290,0.0
192,111,0.0
57,297,0.0
57,738,0.0
57,480,0.0
57,1378,0.0
57,256,0.0
57,2274,0.0
57,1101,0.0
57,2290,0.0
57,111,0.0
57,733,0.0
314,297,0.0
314,738,0.0
314,480,0.0
314,1378,0.0
314,899,0.0
314,256,0.0
314,2274,0.0
314,1101,0.0
314,2290,0.0
314,111,0.0
431,297,0.0
431,738,0.0
431,480,0.0
431,1378,0.0
431,899,0.0
431,256,0.0
431,2274,0.0
431,1101,0.0
431,2290,0.0
431,111,0.0
121,297,0.0
121,738,0.0
121,480,0.0
121,1378,0.0
121,899,0.0
121,256,0.0
121,2274,0.0
121,1101,0.0
121,2290,0.0
121,111,0.0
601,297,0.0
601,738,0.0
601,480,0.0
601,1378,0.0
601,899,0.0
601,256,0.0
601,2274,0.0
601,1101,0.0
601,2290,0.0
601,111,0.0
531,297,0.0
531,738,0.0
531,1378,0.0
531,899,0.0
531,256,0.0
531,2274,0.0
531,1101,0.0
531,2290,0.0
531,111,0.0
531,733,0.0
255,297,0.0
255,738,0.0
255,480,0.0
255,1378,0.0
255,899,0.0
255,256,0.0
255,2274,0.0
255,1101,0.0
255,2290,0.0
255,111,0.0
339,297,0.0
339,738,0.0
339,480,0.0
339,1378,0.0
339,899,0.0
339,256,0.0
339,2274,0.0
339,1101,0.0
339,2290,0.0
339,111,0.0
331,297,0.0
331,738,0.0
331,480,0.0
331,1378,0.0
331,899,0.0
331,256,0.0
331,2274,0.0
331,1101,0.0
331,2290,0.0
331,111,0.0
201,297,0.0
201,738,0.0
201,480,0.0
201,1378,0.0
201,899,0.0
201,256,0.0
201,2274,0.0
201,1101,0.0
201,2290,0.0
201,111,0.0
218,297,0.0
218,738,0.0
218,480,0.0
218,1378,0.0
218,899,0.0
218,256,0.0
218,2274,0.0
218,1101,0.0
218,2290,0.0
218,111,0.0
205,297,0.0
205,738,0.0
205,480,0.0
205,1378,0.0
205,899,0.0
205,256,0.0
205,2274,0.0
205,1101,0.0
205,2290,0.0
205,111,0.0
45,297,0.0
45,738,0.0
45,1378,0.0
45,899,0.0
45,256,0.0
45,2274,0.0
45,1101,0.0
45,2290,0.0
45,111,0.0
45,733,0.0
424,297,0.0
424,738,0.0
424,1378,0.0
424,899,0.0
424,256,0.0
424,2274,0.0
424,1101,0.0
424,2290,0.0
424,111,0.0
424,733,0.0
502,297,0.0
502,738,0.0
502,480,0.0
502,1378,0.0
502,899,0.0
502,256,0.0
502,2274,0.0
502,1101,0.0
502,2290,0.0
502,111,0.0
516,297,0.0
516,738,0.0
516,480,0.0
516,1378,0.0
516,899,0.0
516,256,0.0
516,2274,0.0
516,1101,0.0
516,2290,0.0
516,111,0.0
152,297,0.0
152,480,0.0
152,1378,0.0
152,899,0.0
152,256,0.0
152,2274,0.0
152,1101,0.0
152,2290,0.0
152,111,0.0
152,733,0.0
453,297,0.0
453,738,0.0
453,480,0.0
453,1378,0.0
453,899,0.0
453,256,0.0
453,2274,0.0
453,1101,0.0
453,2290,0.0
453,111,0.0
69,297,0.0
69,738,0.0
69,480,0.0
69,1378,0.0
69,899,0.0
69,256,0.0
69,2274,0.0
69,1101,0.0
69,2290,0.0
69,111,0.0
8,297,0.0
8,738,0.0
8,480,0.0
8,1378,0.0
8,899,0.0
8,256,0.0
8,2274,0.0
8,1101,0.0
8,2290,0.0
8,733,0.0
669,297,0.0
669,738,0.0
669,480,0.0
669,1378,0.0
669,899,0.0
669,256,0.0
669,2274,0.0
669,1101,0.0
669,2290,0.0
669,111,0.0
225,297,0.0
225,738,0.0
225,480,0.0
225,1378,0.0
225,899,0.0
225,256,0.0
225,2274,0.0
225,1101,0.0
225,2290,0.0
225,111,0.0
52,297,0.0
52,738,0.0
52,480,0.0
52,1378,0.0
52,899,0.0
52,256,0.0
52,2274,0.0
52,1101,0.0
52,2290,0.0
52,111,0.0
161,297,0.0
161,738,0.0
161,480,0.0
161,1378,0.0
161,899,0.0
161,256,0.0
161,2274,0.0
161,1101,0.0
161,2290,0.0
161,111,0.0
572,297,0.0
572,738,0.0
572,480,0.0
572,1378,0.0
572,899,0.0
572,256,0.0
572,2274,0.0
572,1101,0.0
572,2290,0.0
572,111,0.0
30,297,0.0
30,738,0.0
30,1378,0.0
30,899,0.0
30,256,0.0
30,2274,0.0
30,1101,0.0
30,2290,0.0
30,111,0.0
30,733,0.0
27,297,0.0
27,480,0.0
27,1378,0.0
27,899,0.0
27,256,0.0
27,2274,0.0
27,1101,0.0
27,2290,0.0
27,111,0.0
27,955,0.0
307,297,0.0
307,738,0.0
307,480,0.0
307,1378,0.0
307,899,0.0
307,256,0.0
307,2274,0.0
307,1101,0.0
307,2290,0.0
307,111,0.0
410,297,0.0
410,738,0.0
410,480,0.0
410,1378,0.0
410,899,0.0
410,256,0.0
410,2274,0.0
410,1101,0.0
410,2290,0.0
410,111,0.0
260,297,0.0
260,738,0.0
260,1378,0.0
260,899,0.0
260,256,0.0
260,2274,0.0
260,1101,0.0
260,2290,0.0
260,111,0.0
260,733,0.0
358,297,0.0
358,738,0.0
358,480,0.0
358,1378,0.0
358,899,0.0
358,256,0.0
358,2274,0.0
358,1101,0.0
358,2290,0.0
358,111,0.0
554,297,0.0
554,738,0.0
554,480,0.0
554,1378,0.0
554,899,0.0
554,256,0.0
554,2274,0.0
554,1101,0.0
554,2290,0.0
554,111,0.0
42,297,0.0
42,738,0.0
42,480,0.0
42,1378,0.0
42,899,0.0
42,256,0.0
42,2274,0.0
42,1101,0.0
42,2290,0.0
42,111,0.0
542,297,0.0
542,738,0.0
542,480,0.0
542,1378,0.0
542,899,0.0
542,256,0.0
542,2274,0.0
542,1101,0.0
542,2290,0.0
542,111,0.0
359,738,0.0
359,480,0.0
359,1378,0.0
359,899,0.0
359,256,0.0
359,2274,0.0
359,1101,0.0
359,2290,0.0
359,111,0.0
359,733,0.0
251,297,0.0
251,738,0.0
251,480,0.0
251,1378,0.0
251,899,0.0
251,256,0.0
251,2274,0.0
251,1101,0.0
251,2290,0.0
251,111,0.0
105,297,0.0
105,738,0.0
105,480,0.0
105,1378,0.0
105,899,0.0
105,256,0.0
105,2274,0.0
105,1101,0.0
105,2290,0.0
105,111,0.0
122,297,0.0
122,738,0.0
122,480,0.0
122,1378,0.0
122,899,0.0
122,256,0.0
122,2274,0.0
122,1101,0.0
122,2290,0.0
122,111,0.0
162,297,0.0
162,738,0.0
162,1378,0.0
162,899,0.0
162,256,0.0
162,2274,0.0
162,1101,0.0
162,2290,0.0
162,733,0.0
162,955,0.0
313,297,0.0
313,738,0.0
313,480,0.0
313,1378,0.0
313,899,0.0
313,256,0.0
313,2274,0.0
313,1101,0.0
313,2290,0.0
313,111,0.0
553,297,0.0
553,738,0.0
553,1378,0.0
553,899,0.0
553,256,0.0
553,2274,0.0
553,1101,0.0
553,2290,0.0
553,111,0.0
553,733,0.0
120,297,0.0
120,738,0.0
120,480,0.0
120,1378,0.0
120,899,0.0
120,256,0.0
120,2274,0.0
120,1101,0.0
120,2290,0.0
120,111,0.0
447,297,0.0
447,738,0.0
447,480,0.0
447,1378,0.0
447,899,0.0
447,256,0.0
447,2274,0.0
447,1101,0.0
447,2290,0.0
447,111,0.0
580,297,0.0
580,738,0.0
580,480,0.0
580,1378,0.0
580,899,0.0
580,256,0.0
580,2274,0.0
580,1101,0.0
580,2290,0.0
580,111,0.0
603,297,0.0
603,738,0.0
603,480,0.0
603,1378,0.0
603,899,0.0
603,256,0.0
603,2274,0.0
603,1101,0.0
603,2290,0.0
603,111,0.0
571,297,0.0
571,738,0.0
571,1378,0.0
571,899,0.0
571,256,0.0
571,2274,0.0
571,1101,0.0
571,2290,0.0
571,111,0.0
571,733,0.0
259,297,0.0
259,738,0.0
259,480,0.0
259,1378,0.0
259,899,0.0
259,256,0.0
259,2274,0.0
259,1101,0.0
259,2290,0.0
259,111,0.0
364,297,0.0
364,738,0.0
364,1378,0.0
364,899,0.0
364,256,0.0
364,2274,0.0
364,1101,0.0
364,2290,0.0
364,111,0.0
364,733,0.0
667,297,0.0
667,738,0.0
667,480,0.0
667,1378,0.0
667,899,0.0
667,256,0.0
667,2274,0.0
667,1101,0.0
667,2290,0.0
667,111,0.0
157,297,0.0
157,738,0.0
157,480,0.0
157,1378,0.0
157,899,0.0
157,256,0.0
157,2274,0.0
157,1101,0.0
157,2290,0.0
157,111,0.0
153,297,0.0
153,738,0.0
153,480,0.0
153,1378,0.0
153,899,0.0
153,256,0.0
153,2274,0.0
153,1101,0.0
153,2290,0.0
153,111,0.0
588,297,0.0
588,738,0.0
588,480,0.0
588,1378,0.0
588,899,0.0
588,256,0.0
588,2274,0.0
588,1101,0.0
588,2290,0.0
588,111,0.0
565,297,0.0
565,738,0.0
565,480,0.0
565,1378,0.0
565,899,0.0
565,256,0.0
565,2274,0.0
565,1101,0.0
565,2290,0.0
565,111,0.0
577,297,0.0
577,738,0.0
577,480,0.0
577,1378,0.0
577,899,0.0
577,256,0.0
577,2274,0.0
577,1101,0.0
577,2290,0.0
577,111,0.0
142,297,0.0
142,480,0.0
142,1378,0.0
142,899,0.0
142,256,0.0
142,2274,0.0
142,1101,0.0
142,2290,0.0
142,111,0.0
142,733,0.0
23,297,0.0
23,738,0.0
23,480,0.0
23,1378,0.0
23,899,0.0
23,256,0.0
23,2274,0.0
23,1101,0.0
23,2290,0.0
23,111,0.0
206,297,0.0
206,738,0.0
206,480,0.0
206,1378,0.0
206,899,0.0
206,256,0.0
206,2274,0.0
206,1101,0.0
206,2290,0.0
206,111,0.0
43,297,0.0
43,738,0.0
43,480,0.0
43,1378,0.0
43,899,0.0
43,256,0.0
43,2274,0.0
43,1101,0.0
43,2290,0.0
43,111,0.0
506,297,0.0
506,738,0.0
506,480,0.0
506,1378,0.0
506,899,0.0
506,256,0.0
506,2274,0.0
506,1101,0.0
506,2290,0.0
506,111,0.0
450,297,0.0
450,738,0.0
450,480,0.0
450,1378,0.0
450,899,0.0
450,256,0.0
450,2274,0.0
450,1101,0.0
450,2290,0.0
450,111,0.0
621,297,0.0
621,738,0.0
621,480,0.0
621,1378,0.0
621,899,0.0
621,256,0.0
621,2274,0.0
621,1101,0.0
621,2290,0.0
621,111,0.0
643,297,0.0
643,738,0.0
643,480,0.0
643,1378,0.0
643,899,0.0
643,256,0.0
643,2274,0.0
643,1101,0.0
643,2290,0.0
643,111,0.0
400,297,0.0
400,738,0.0
400,480,0.0
400,1378,0.0
400,899,0.0
400,256,0.0
400,2274,0.0
400,1101,0.0
400,2290,0.0
400,111,0.0
285,297,0.0
285,738,0.0
285,480,0.0
285,1378,0.0
285,899,0.0
285,256,0.0
285,2274,0.0
285,1101,0.0
285,2290,0.0
285,733,0.0
628,297,0.0
628,738,0.0
628,480,0.0
628,1378,0.0
628,899,0.0
628,256,0.0
628,2274,0.0
628,1101,0.0
628,2290,0.0
628,111,0.0
373,297,0.0
373,738,0.0
373,480,0.0
373,1378,0.0
373,899,0.0
373,256,0.0
373,2274,0.0
373,1101,0.0
373,2290,0.0
373,111,0.0
587,297,0.0
587,738,0.0
587,480,0.0
587,1378,0.0
587,899,0.0
587,256,0.0
587,2274,0.0
587,1101,0.0
587,2290,0.0
587,111,0.0
483,297,0.0
483,738,0.0
483,480,0.0
483,1378,0.0
483,899,0.0
483,256,0.0
483,2274,0.0
483,1101,0.0
483,2290,0.0
483,111,0.0
445,297,0.0
445,738,0.0
445,1378,0.0
445,899,0.0
445,256,0.0
445,2274,0.0
445,1101,0.0
445,2290,0.0
445,111,0.0
445,733,0.0
585,297,0.0
585,738,0.0
585,1378,0.0
585,899,0.0
585,256,0.0
585,2274,0.0
585,1101,0.0
585,2290,0.0
585,111,0.0
585,733,0.0
507,297,0.0
507,738,0.0
507,480,0.0
507,1378,0.0
507,899,0.0
507,256,0.0
507,2274,0.0
507,1101,0.0
507,2290,0.0
507,111,0.0
64,297,0.0
64,480,0.0
64,1378,0.0
64,899,0.0
64,256,0.0
64,2274,0.0
64,1101,0.0
64,2290,0.0
64,111,0.0
64,733,0.0
221,297,0.0
221,738,0.0
221,480,0.0
221,1378,0.0
221,899,0.0
221,256,0.0
221,2274,0.0
221,1101,0.0
221,2290,0.0
221,111,0.0
75,297,0.0
75,738,0.0
75,480,0.0
75,1378,0.0
75,899,0.0
75,256,0.0
75,2274,0.0
75,1101,0.0
75,2290,0.0
75,111,0.0
391,297,0.0
391,738,0.0
391,480,0.0
391,1378,0.0
391,899,0.0
391,256,0.0
391,2274,0.0
391,1101,0.0
391,2290,0.0
391,111,0.0
605,297,0.0
605,738,0.0
605,480,0.0
605,1378,0.0
605,899,0.0
605,256,0.0
605,2274,0.0
605,1101,0.0
605,2290,0.0
605,111,0.0
461,297,0.0
461,738,0.0
461,480,0.0
461,1378,0.0
461,899,0.0
461,256,0.0
461,2274,0.0
461,1101,0.0
461,2290,0.0
461,111,0.0
44,297,0.0
44,738,0.0
44,480,0.0
44,1378,0.0
44,899,0.0
44,256,0.0
44,2274,0.0
44,1101,0.0
44,2290,0.0
44,111,0.0
39,297,0.0
39,738,0.0
39,480,0.0
39,1378,0.0
39,899,0.0
39,256,0.0
39,2274,0.0
39,1101,0.0
39,2290,0.0
39,111,0.0
128,297,0.0
128,738,0.0
128,480,0.0
128,1378,0.0
128,899,0.0
128,256,0.0
128,2274,0.0
128,1101,0.0
128,2290,0.0
128,111,0.0
567,297,0.0
567,738,0.0
567,480,0.0
567,1378,0.0
567,899,0.0
567,256,0.0
567,2274,0.0
567,1101,0.0
567,2290,0.0
567,111,0.0
70,297,0.0
70,738,0.0
70,480,0.0
70,1378,0.0
70,899,0.0
70,256,0.0
70,2274,0.0
70,1101,0.0
70,2290,0.0
70,111,0.0
299,297,0.0
299,738,0.0
299,480,0.0
299,1378,0.0
299,899,0.0
299,256,0.0
299,2274,0.0
299,1101,0.0
299,2290,0.0
299,111,0.0
15,297,0.0
15,738,0.0
15,480,0.0
15,1378,0.0
15,899,0.0
15,256,0.0
15,2274,0.0
15,1101,0.0
15,2290,0.0
15,111,0.0
265,297,0.0
265,738,0.0
265,480,0.0
265,1378,0.0
265,899,0.0
265,256,0.0
265,2274,0.0
265,1101,0.0
265,2290,0.0
265,111,0.0
273,297,0.0
273,738,0.0
273,480,0.0
273,1378,0.0
273,899,0.0
273,256,0.0
273,2274,0.0
273,1101,0.0
273,2290,0.0
273,111,0.0
455,297,0.0
455,738,0.0
455,1378,0.0
455,899,0.0
455,256,0.0
455,2274,0.0
455,1101,0.0
455,2290,0.0
455,111,0.0
455,733,0.0
414,297,0.0
414,738,0.0
414,480,0.0
414,1378,0.0
414,899,0.0
414,256,0.0
414,2274,0.0
414,1101,0.0
414,2290,0.0
414,111,0.0
468,297,0.0
468,738,0.0
468,480,0.0
468,1378,0.0
468,899,0.0
468,256,0.0
468,2274,0.0
468,1101,0.0
468,2290,0.0
468,111,0.0
86,297,0.0
86,738,0.0
86,480,0.0
86,1378,0.0
86,899,0.0
86,256,0.0
86,2274,0.0
86,1101,0.0
86,2290,0.0
86,111,0.0
108,297,0.0
108,738,0.0
108,480,0.0
108,1378,0.0
108,899,0.0
108,256,0.0
108,2274,0.0
108,1101,0.0
108,2290,0.0
108,111,0.0
488,297,0.0
488,738,0.0
488,480,0.0
488,1378,0.0
488,899,0.0
488,256,0.0
488,2274,0.0
488,1101,0.0
488,2290,0.0
488,111,0.0
405,297,0.0
405,738,0.0
405,1378,0.0
405,899,0.0
405,256,0.0
405,2274,0.0
405,1101,0.0
405,2290,0.0
405,111,0.0
405,955,0.0
189,297,0.0
189,738,0.0
189,480,0.0
189,1378,0.0
189,899,0.0
189,256,0.0
189,2274,0.0
189,1101,0.0
189,2290,0.0
189,111,0.0
333,297,0.0
333,738,0.0
333,480,0.0
333,1378,0.0
333,899,0.0
333,256,0.0
333,2274,0.0
333,1101,0.0
333,2290,0.0
333,111,0.0
185,297,0.0
185,738,0.0
185,480,0.0
185,1378,0.0
185,899,0.0
185,256,0.0
185,2274,0.0
185,1101,0.0
185,2290,0.0
185,111,0.0
208,297,0.0
208,738,0.0
208,480,0.0
208,1378,0.0
208,899,0.0
208,256,0.0
208,2274,0.0
208,1101,0.0
208,2290,0.0
208,111,0.0
207,297,0.0
207,738,0.0
207,480,0.0
207,1378,0.0
207,899,0.0
207,256,0.0
207,2274,0.0
207,1101,0.0
207,2290,0.0
207,111,0.0
454,297,0.0
454,738,0.0
454,480,0.0
454,1378,0.0
454,899,0.0
454,256,0.0
454,2274,0.0
454,1101,0.0
454,2290,0.0
454,111,0.0
398,297,0.0
398,738,0.0
398,480,0.0
398,1378,0.0
398,899,0.0
398,256,0.0
398,2274,0.0
398,1101,0.0
398,2290,0.0
398,111,0.0
662,297,0.0
662,738,0.0
662,480,0.0
662,1378,0.0
662,899,0.0
662,256,0.0
662,2274,0.0
662,1101,0.0
662,2290,0.0
662,111,0.0
53,297,0.0
53,738,0.0
53,480,0.0
53,1378,0.0
53,899,0.0
53,256,0.0
53,2274,0.0
53,1101,0.0
53,2290,0.0
53,111,0.0
593,297,0.0
593,738,0.0
593,480,0.0
593,1378,0.0
593,256,0.0
593,2274,0.0
593,1101,0.0
593,2290,0.0
593,111,0.0
593,733,0.0
100,297,0.0
100,738,0.0
100,1378,0.0
100,899,0.0
100,256,0.0
100,2274,0.0
100,1101,0.0
100,2290,0.0
100,111,0.0
100,733,0.0
325,297,0.0
325,738,0.0
325,480,0.0
325,1378,0.0
325,899,0.0
325,256,0.0
325,2274,0.0
325,1101,0.0
325,2290,0.0
325,111,0.0
31,297,0.0
31,738,0.0
31,480,0.0
31,1378,0.0
31,899,0.0
31,256,0.0
31,2274,0.0
31,1101,0.0
31,2290,0.0
31,111,0.0
169,297,0.0
169,738,0.0
169,480,0.0
169,1378,0.0
169,899,0.0
169,256,0.0
169,2274,0.0
169,1101,0.0
169,2290,0.0
169,111,0.0
54,297,0.0
54,738,0.0
54,480,0.0
54,1378,0.0
54,899,0.0
54,256,0.0
54,2274,0.0
54,1101,0.0
54,2290,0.0
54,111,0.0
537,297,0.0
537,738,0.0
537,480,0.0
537,1378,0.0
537,899,0.0
537,256,0.0
537,2274,0.0
537,1101,0.0
537,2290,0.0
537,111,0.0
227,297,0.0
227,738,0.0
227,1378,0.0
227,899,0.0
227,2274,0.0
227,1101,0.0
227,2290,0.0
227,111,0.0
227,733,0.0
227,955,0.0
394,297,0.0
394,738,0.0
394,480,0.0
394,1378,0.0
394,899,0.0
394,256,0.0
394,2274,0.0
394,1101,0.0
394,2290,0.0
394,111,0.0
555,297,0.0
555,738,0.0
555,480,0.0
555,1378,0.0
555,899,0.0
555,256,0.0
555,2274,0.0
555,1101,0.0
555,2290,0.0
555,111,0.0
279,297,0.0
279,738,0.0
279,480,0.0
279,1378,0.0
279,899,0.0
279,256,0.0
279,2274,0.0
279,1101,0.0
279,2290,0.0
279,733,0.0
13,297,0.0
13,738,0.0
13,480,0.0
13,1378,0.0
13,899,0.0
13,256,0.0
13,2274,0.0
13,1101,0.0
13,2290,0.0
13,111,0.0
111,297,0.0
111,738,0.0
111,480,0.0
111,1378,0.0
111,899,0.0
111,256,0.0
111,2274,0.0
111,1101,0.0
111,2290,0.0
111,111,0.0
448,297,0.0
448,738,0.0
448,480,0.0
448,1378,0.0
448,899,0.0
448,256,0.0
448,2274,0.0
448,1101,0.0
448,2290,0.0
448,111,0.0
610,297,0.0
610,738,0.0
610,480,0.0
610,1378,0.0
610,899,0.0
610,256,0.0
610,2274,0.0
610,1101,0.0
610,2290,0.0
610,733,0.0
28,297,0.0
28,738,0.0
28,480,0.0
28,1378,0.0
28,899,0.0
28,256,0.0
28,2274,0.0
28,1101,0.0
28,2290,0.0
28,111,0.0
463,297,0.0
463,738,0.0
463,480,0.0
463,1378,0.0
463,899,0.0
463,256,0.0
463,2274,0.0
463,1101,0.0
463,2290,0.0
463,111,0.0
564,738,0.0
564,480,0.0
564,1378,0.0
564,899,0.0
564,256,0.0
564,2274,0.0
564,1101,0.0
564,2290,0.0
564,733,0.0
564,955,0.0
63,297,0.0
63,738,0.0
63,480,0.0
63,1378,0.0
63,899,0.0
63,256,0.0
63,2274,0.0
63,1101,0.0
63,2290,0.0
63,111,0.0
324,297,0.0
324,738,0.0
324,480,0.0
324,1378,0.0
324,899,0.0
324,256,0.0
324,2274,0.0
324,1101,0.0
324,2290,0.0
324,111,0.0
50,297,0.0
50,738,0.0
50,480,0.0
50,1378,0.0
50,899,0.0
50,256,0.0
50,2274,0.0
50,1101,0.0
50,2290,0.0
50,111,0.0
107,297,0.0
107,738,0.0
107,480,0.0
107,1378,0.0
107,899,0.0
107,256,0.0
107,2274,0.0
107,1101,0.0
107,2290,0.0
107,111,0.0
436,297,0.0
436,738,0.0
436,480,0.0
436,1378,0.0
436,899,0.0
436,256,0.0
436,2274,0.0
436,1101,0.0
436,2290,0.0
436,111,0.0
512,297,0.0
512,738,0.0
512,480,0.0
512,1378,0.0
512,899,0.0
512,256,0.0
512,2274,0.0
512,1101,0.0
512,2290,0.0
512,111,0.0
548,297,0.0
548,738,0.0
548,480,0.0
548,1378,0.0
548,899,0.0
548,256,0.0
548,2274,0.0
548,1101,0.0
548,2290,0.0
548,111,0.0
99,297,0.0
99,738,0.0
99,480,0.0
99,1378,0.0
99,899,0.0
99,256,0.0
99,2274,0.0
99,1101,0.0
99,2290,0.0
99,111,0.0
582,297,0.0
582,738,0.0
582,480,0.0
582,1378,0.0
582,899,0.0
582,256,0.0
582,2274,0.0
582,1101,0.0
582,2290,0.0
582,111,0.0
374,297,0.0
374,738,0.0
374,480,0.0
374,1378,0.0
374,899,0.0
374,256,0.0
374,2274,0.0
374,1101,0.0
374,2290,0.0
374,111,0.0
484,297,0.0
484,738,0.0
484,480,0.0
484,1378,0.0
484,899,0.0
484,256,0.0
484,2274,0.0
484,1101,0.0
484,2290,0.0
484,111,0.0
316,297,0.0
316,738,0.0
316,480,0.0
316,1378,0.0
316,899,0.0
316,256,0.0
316,2274,0.0
316,1101,0.0
316,2290,0.0
316,111,0.0
113,297,0.0
113,738,0.0
113,480,0.0
113,1378,0.0
113,899,0.0
113,256,0.0
113,2274,0.0
113,1101,0.0
113,2290,0.0
113,111,0.0
659,297,0.0
659,738,0.0
659,480,0.0
659,1378,0.0
659,899,0.0
659,256,0.0
659,2274,0.0
659,1101,0.0
659,2290,0.0
659,111,0.0
649,297,0.0
649,738,0.0
649,480,0.0
649,1378,0.0
649,899,0.0
649,256,0.0
649,2274,0.0
649,1101,0.0
649,2290,0.0
649,111,0.0
376,297,0.0
376,738,0.0
376,480,0.0
376,1378,0.0
376,899,0.0
376,256,0.0
376,2274,0.0
376,1101,0.0
376,2290,0.0
376,111,0.0
666,297,0.0
666,738,0.0
666,480,0.0
666,1378,0.0
666,899,0.0
666,256,0.0
666,2274,0.0
666,1101,0.0
666,2290,0.0
666,111,0.0
638,297,0.0
638,738,0.0
638,480,0.0
638,1378,0.0
638,899,0.0
638,256,0.0
638,2274,0.0
638,1101,0.0
638,2290,0.0
638,111,0.0
334,297,0.0
334,738,0.0
334,480,0.0
334,1378,0.0
334,899,0.0
334,256,0.0
334,2274,0.0
334,1101,0.0
334,2290,0.0
334,111,0.0
665,297,0.0
665,738,0.0
665,480,0.0
665,1378,0.0
665,899,0.0
665,256,0.0
665,2274,0.0
665,1101,0.0
665,2290,0.0
665,111,0.0
220,297,0.0
220,738,0.0
220,480,0.0
220,1378,0.0
220,899,0.0
220,256,0.0
220,2274,0.0
220,1101,0.0
220,2290,0.0
220,111,0.0
230,297,0.0
230,738,0.0
230,480,0.0
230,1378,0.0
230,899,0.0
230,256,0.0
230,2274,0.0
230,1101,0.0
230,2290,0.0
230,111,0.0
551,297,0.0
551,738,0.0
551,480,0.0
551,1378,0.0
551,899,0.0
551,256,0.0
551,2274,0.0
551,1101,0.0
551,2290,0.0
551,111,0.0
635,297,0.0
635,738,0.0
635,480,0.0
635,1378,0.0
635,899,0.0
635,256,0.0
635,2274,0.0
635,1101,0.0
635,2290,0.0
635,111,0.0
34,297,0.0
34,738,0.0
34,480,0.0
34,1378,0.0
34,899,0.0
34,256,0.0
34,2274,0.0
34,1101,0.0
34,2290,0.0
34,111,0.0
444,297,0.0
444,738,0.0
444,480,0.0
444,1378,0.0
444,899,0.0
444,256,0.0
444,2274,0.0
444,1101,0.0
444,2290,0.0
444,111,0.0
140,297,0.0
140,738,0.0
140,480,0.0
140,1378,0.0
140,899,0.0
140,256,0.0
140,2274,0.0
140,1101,0.0
140,2290,0.0
140,111,0.0
630,297,0.0
630,738,0.0
630,480,0.0
630,1378,0.0
630,899,0.0
630,256,0.0
630,2274,0.0
630,1101,0.0
630,2290,0.0
630,111,0.0
644,297,0.0
644,738,0.0
644,480,0.0
644,1378,0.0
644,899,0.0
644,256,0.0
644,2274,0.0
644,1101,0.0
644,2290,0.0
644,111,0.0
458,297,0.0
458,738,0.0
458,480,0.0
458,1378,0.0
458,899,0.0
458,256,0.0
458,2274,0.0
458,1101,0.0
458,2290,0.0
458,111,0.0
335,297,0.0
335,738,0.0
335,480,0.0
335,1378,0.0
335,899,0.0
335,256,0.0
335,2274,0.0
335,1101,0.0
335,2290,0.0
335,111,0.0
514,297,0.0
514,738,0.0
514,480,0.0
514,1378,0.0
514,899,0.0
514,256,0.0
514,2274,0.0
514,1101,0.0
514,2290,0.0
514,111,0.0
637,297,0.0
637,738,0.0
637,480,0.0
637,1378,0.0
637,899,0.0
637,256,0.0
637,2274,0.0
637,1101,0.0
637,2290,0.0
637,111,0.0
46,297,0.0
46,738,0.0
46,480,0.0
46,1378,0.0
46,899,0.0
46,256,0.0
46,2274,0.0
46,1101,0.0
46,2290,0.0
46,111,0.0
209,297,0.0
209,738,0.0
209,480,0.0
209,1378,0.0
209,899,0.0
209,2274,0.0
209,1101,0.0
209,2290,0.0
209,111,0.0
209,733,0.0
266,297,0.0
266,738,0.0
266,480,0.0
266,1378,0.0
266,899,0.0
266,256,0.0
266,2274,0.0
266,1101,0.0
266,2290,0.0
266,111,0.0
173,297,0.0
173,738,0.0
173,480,0.0
173,1378,0.0
173,899,0.0
173,256,0.0
173,2274,0.0
173,1101,0.0
173,2290,0.0
173,111,0.0
346,297,0.0
346,738,0.0
346,1378,0.0
346,899,0.0
346,256,0.0
346,2274,0.0
346,1101,0.0
346,2290,0.0
346,111,0.0
346,733,0.0
0,297,0.0
0,738,0.0
0,480,0.0
0,1378,0.0
0,899,0.0
0,256,0.0
0,2274,0.0
0,1101,0.0
0,2290,0.0
0,111,0.0
322,297,0.0
322,480,0.0
322,1378,0.0
322,899,0.0
322,256,0.0
322,2274,0.0
322,1101,0.0
322,2290,0.0
322,111,0.0
322,733,0.0
539,297,0.0
539,738,0.0
539,480,0.0
539,1378,0.0
539,899,0.0
539,256,0.0
539,2274,0.0
539,1101,0.0
539,2290,0.0
539,111,0.0
