186,250,3.4502507640490467
186,148,3.472357049963698
22,377,3.4547678554323964
22,241,3.5072484038786023
22,80,3.501820471664155
244,186,3.562975050209985
115,265,3.503976348107458
305,451,3.531645504746592
305,425,3.619173224509619
6,258,3.585676072997969
6,301,3.508132324791253
62,1016,3.462916790821187
286,143,3.657396650538582
286,288,3.6001707641261484
286,237,3.7570251056004675
286,153,3.692763278516228
286,99,3.7556779378895877
200,222,3.845435663390155
224,245,3.4812476453455394
224,583,3.5553579959561876
303,69,3.4536992219698224
303,134,3.4636372708195178
303,404,3.590883574625454
303,397,3.589464574442466
122,509,3.602303843960662
194,66,3.342800776197652
291,118,3.651152860806943
291,1016,3.651971856998702
119,407,3.6254191887315006
167,486,3.4872287561399835
299,1018,3.466619257185747
308,1,3.597217632302526
308,402,3.7020887511217855
308,81,3.6285842312946563
308,295,3.5363027025624967
102,515,3.451516557280868
63,289,3.4974516686589348
50,246,3.5119389184511456
301,191,3.6432298454803473
225,480,3.4907666119200615
290,88,3.5663515583710503
97,228,3.610302306582158
181,14,3.1291096700025536
181,334,2.976551810256066
181,3,2.9561843296251507
181,1295,2.9451608517794194
181,325,2.9744575225684082
181,306,2.9789730219112918
181,619,3.0827613875865336
181,1332,2.962721059453898
276,322,3.527786643482189
276,922,3.6538772277992213
276,70,3.5192689342428607
7,648,3.568691342920179
7,200,3.6368914814176634
7,171,3.686747901061612
7,497,3.6130830996174486
7,644,3.6692035312948406
10,611,3.5614130110782165
10,488,3.5303216335407375
201,695,3.3663361205682616
287,1,3.463638436105811
287,327,3.4148808143306995
287,926,3.488425354758275
246,416,3.5161744976921883
246,94,3.6170709028639005
246,561,3.506286527653019
99,4,3.57384159238166
99,268,3.538861345830289
178,332,3.577449220537475
178,731,3.5510655969615432
25,257,3.5100835896243465
25,501,3.644107261453941
59,23,3.541007478221743
59,468,3.4702012110681837
72,182,3.5382428323252997
72,866,3.4918039509717316
87,384,3.6702323450041576
87,367,3.50372058476682
42,1028,3.595987031121228
42,953,3.673102181278908
292,9,3.6795591553374787
20,208,3.4051241998125277
13,526,3.423426209895765
13,215,3.427609144106628
13,864,3.374276025389268
13,72,3.3929591514165947
223,763,3.4096007201634424
189,526,3.5673837814291827
189,56,3.584506447307178
189,520,3.5842864606432845
243,1039,3.4373694603584006
92,1079,3.4570412794562233
92,501,3.536323116160174
92,831,3.471674929432437
254,121,3.450146212019398
293,423,3.498098123598833
293,685,3.3839615578833233
293,135,3.3827757447969047
293,1267,3.3948049556134436
127,229,3.56608041861153
222,278,3.524356942964727
222,448,3.573324126108531
222,87,3.521588066332721
279,501,3.439467888023248
279,399,3.4559338442164957
279,122,3.514894563426526
279,725,3.4915552042225078
145,237,3.537410950932747
28,209,3.4948283160725855
90,98,3.741272031928476
90,12,3.6747098381282797
90,289,3.696722156128675
90,506,3.597569656968877
90,923,3.6411791382312786
216,144,3.573486650784777
250,238,3.6082578984004545
265,118,3.4525660643937233
198,498,3.503770944101506
198,658,3.4073292628648897
198,258,3.4476783202331047
168,151,3.368790194624862
58,144,3.5074724094760126
58,1098,3.574892743835854
58,173,3.5592564766402632
94,174,3.47575390065468
94,789,3.38110376716958
128,15,3.464390748542453
128,317,3.4790068231336275
128,204,3.587922200542712
44,294,3.559999396124895
44,660,3.6054120420097617
264,294,3.488763383565387
264,200,3.4938951853630633
82,756,3.3787661821519928
82,183,3.4898819387028372
262,617,3.446084372526193
262,223,3.600699738390599
174,368,3.6231088820336455
174,937,3.653780824272353
43,14,3.547070082837011
43,323,3.4071074075624717
84,405,3.481777968641632
84,121,3.596071348417158
269,234,3.462563722576151
269,367,3.4824612042426972
269,217,3.348726906826558
259,255,3.5274091605469886
85,427,3.5108122185727226
85,433,3.3486231934985606
213,176,3.5592141712790264
121,514,3.4502069223679044
49,559,3.32123156028815
68,117,3.5711107007659657
268,930,3.183010745871859
268,62,3.2742195465112625
268,147,3.306057179952625
5,439,3.274583417155816
5,454,3.3945661087124743
18,443,3.5378068671075447
26,1015,3.5022585558812716
130,1014,3.448245711800175
130,307,3.4078400466412444
130,1217,3.53225640981465
130,642,3.4268936862481993
130,105,3.401774618429825
256,443,3.5777874619208005
256,127,3.5509403747389667
1,117,3.5928831909586427
1,189,3.5579085879637886
56,121,3.5481196475770447
207,65,3.5214589710296593
207,1115,3.3974842041947584
207,845,3.4142328865543745
207,107,3.4502004442958243
161,318,3.495746530841688
148,408,3.7030719801184038
125,235,3.436336516549784
83,385,3.621306324572804
83,215,3.5262171117163557
83,97,3.68634110034055
272,1393,3.591803690625764
151,747,3.6205321412718727
54,302,3.510850094548894
16,944,3.7351592993332607
16,8,3.6053354239443833
91,480,3.3939822503639507
70,217,3.4319772233660206
70,1133,3.440514907884586
14,213,3.4692241003707447
233,202,3.5237539285259833
214,137,3.4937121786492615
192,476,3.403512988932668
192,1061,3.4647566022476877
297,275,3.535862918662732
297,233,3.616568348962465
193,96,3.685729784031353
113,126,3.4715740572741
275,98,3.6200045587295158
219,82,3.5214593669595553
158,177,3.4722402576982336
302,303,3.4457145676265624
23,385,3.5522592721528503
33,872,3.3456941955431128
77,484,3.588368977423938
270,25,3.467031015952164
270,452,3.529008786612684
270,558,3.620535001188999
187,210,3.5877653656685284
184,153,3.5391617724142144
184,412,3.4900715847267065
215,211,3.44852935444108
215,421,3.425748219271942
104,756,3.3871302648115313
104,984,3.464843313885795
240,879,3.5973619020245002
191,286,3.421403762287151
177,333,3.5261831832929373
203,93,3.467924914049604
21,440,3.400098811362745
21,324,3.5720661778661507
197,346,3.4258273325037756
197,511,3.6098620964561827
180,202,3.654541670109468
263,96,3.823989132197529
109,178,3.439631406442847
117,268,3.533677657374149
117,1047,3.4574694534639194
65,47,3.515844948214362
65,806,3.4836840231352535
65,125,3.48519660370507
285,150,3.465680927135741
285,269,3.5758297150858023
73,480,3.4969103486371225
73,206,3.586044891682614
221,475,3.4399149648076315
235,70,3.4361480483269595
235,230,3.582972058212993
129,873,3.4511407445933373
131,126,3.5429356700087618
280,540,3.464941807389178
217,597,3.4914814354075934
217,27,3.439031169992276
75,237,3.6186672301175595
118,200,3.6952756515506557
306,235,3.537394351062859
173,328,3.4838353420504378
185,287,3.5029260606220722
248,589,3.523513381064947
93,820,3.4229849149655935
159,1028,3.4628418571451474
156,661,3.5313074416920687
37,540,3.582539883694675
195,751,3.421919854641075
108,100,3.5237934093756493
190,117,3.4587194252615787
24,191,3.5084775657234952
313,478,3.6585108130150266
312,100,3.5812845621017004
220,298,3.4283503963714472
143,682,3.655961116178053
277,257,3.446702043597439
76,61,3.455233707518221
